              precision    recall  f1-score   support

           1       0.96      1.00      0.98       348
           2       0.93      0.94      0.93        53
           3       0.87      0.82      0.84        33
           4       0.97      0.95      0.96        37
           5       0.80      0.25      0.38        16
           6       1.00      1.00      1.00        14
           7       1.00      1.00      1.00        11
           8       1.00      1.00      1.00         6
           9       1.00      1.00      1.00        12
          10       1.00      1.00      1.00         5
          11       1.00      0.80      0.89         5

    accuracy                           0.95       540
   macro avg       0.96      0.89      0.91       540
weighted avg       0.95      0.95      0.95       540
