              precision    recall  f1-score   support

           1       0.64      0.80      0.71        85
           2       0.63      0.67      0.65        63
           3       0.89      0.93      0.91        61
           4       0.96      0.96      0.96        49
           5       0.89      0.89      0.89        38
           6       0.78      0.39      0.52        36
           7       0.79      0.84      0.82        32
           8       0.96      0.86      0.91        28
           9       0.81      0.85      0.83        20
          10       0.95      1.00      0.97        19
          11       0.20      0.11      0.14         9
          12       1.00      0.82      0.90        11
          13       1.00      0.88      0.93         8
          14       1.00      0.75      0.86         8
          15       1.00      0.50      0.67         2
          16       1.00      1.00      1.00         4
          17       1.00      0.60      0.75         5

    accuracy                           0.79       478
   macro avg       0.85      0.76      0.79       478
weighted avg       0.80      0.79      0.79       478
