              precision    recall  f1-score   support

           1       0.75      0.86      0.80         7
           2       0.00      0.00      0.00         2
           3       0.79      0.96      0.87        28
           4       0.00      0.00      0.00         1
           7       0.67      0.67      0.67         3
           8       0.73      0.92      0.81        12
           9       1.00      0.59      0.74        17
          12       0.00      0.00      0.00         1

    accuracy                           0.79        71
   macro avg       0.49      0.50      0.49        71
weighted avg       0.78      0.79      0.77        71
