              precision    recall  f1-score   support

           1       0.97      1.00      0.99       570
           2       0.00      0.00      0.00         3
           3       0.95      0.88      0.91        24
           4       1.00      1.00      1.00        15
           5       0.91      0.91      0.91        11
           6       1.00      1.00      1.00        10
           7       0.00      0.00      0.00         3
           8       1.00      0.50      0.67         2
           9       1.00      0.71      0.83         7
          10       1.00      0.67      0.80         3
          12       1.00      0.67      0.80         3
          14       1.00      0.33      0.50         6

    accuracy                           0.97       657
   macro avg       0.82      0.64      0.70       657
weighted avg       0.96      0.97      0.96       657
