              precision    recall  f1-score   support

           1       0.84      0.89      0.86       299
           2       0.86      0.91      0.89       305
           3       0.87      0.83      0.85       181
           4       0.79      0.78      0.79       138
           5       0.79      0.75      0.77       101
           6       0.95      0.83      0.88        86
           7       0.86      0.93      0.89        82
           8       0.83      0.83      0.83        53
           9       0.96      0.90      0.93        50
          10       1.00      0.95      0.98        42
          11       0.95      0.83      0.89        42
          12       0.86      1.00      0.92        12
          13       0.83      0.83      0.83        12
          14       1.00      0.82      0.90        17
          15       0.83      0.71      0.77        14
          16       0.88      1.00      0.93         7
          17       0.83      0.71      0.77         7
          18       1.00      0.67      0.80        12
          19       0.92      0.92      0.92        13

    accuracy                           0.86      1473
   macro avg       0.89      0.85      0.86      1473
weighted avg       0.86      0.86      0.86      1473
