              precision    recall  f1-score   support

         1.0       0.99      0.98      0.98       148
         2.0       0.85      0.97      0.91        65
         3.0       0.75      0.86      0.80         7
         4.0       0.89      0.79      0.84        53
         5.0       1.00      1.00      1.00         4
         6.0       0.81      0.81      0.81        98
         7.0       0.86      0.92      0.89       154
         8.0       0.00      0.00      0.00         5
         9.0       0.77      0.73      0.75        37
        10.0       0.93      0.96      0.95        28
        11.0       1.00      0.93      0.97        15
        12.0       0.71      0.83      0.77         6
        13.0       0.90      0.93      0.92        29
        14.0       0.93      0.81      0.87        16
        15.0       0.70      0.68      0.69        31
        16.0       0.74      0.87      0.80        61
        17.0       0.88      0.81      0.84        53
        18.0       0.72      0.83      0.77        35
        19.0       0.93      0.71      0.80        55
        20.0       1.00      0.60      0.75         5
        21.0       1.00      0.67      0.80         6
        22.0       1.00      1.00      1.00         4

    accuracy                           0.86       915
   macro avg       0.83      0.80      0.81       915
weighted avg       0.86      0.86      0.86       915
