              precision    recall  f1-score   support

           1       0.60      0.19      0.29        47
           2       0.22      0.11      0.15        35
           3       0.62      0.77      0.69       260
           4       0.63      0.76      0.69        49
           5       0.78      0.84      0.81       136
           6       0.57      0.76      0.65        74
           7       0.63      0.40      0.49       149
           8       0.75      0.65      0.70        23
           9       0.75      0.87      0.81        93
          10       0.92      0.96      0.94        49
          11       1.00      0.62      0.77        16
          12       0.89      0.93      0.91        44
          13       1.00      0.85      0.92        13
          14       0.83      0.83      0.83         6
          15       0.95      0.95      0.95        20
          16       1.00      0.75      0.86        12
          17       0.95      0.90      0.93        21
          18       0.67      0.50      0.57         8
          19       0.50      0.20      0.29         5

    accuracy                           0.70      1060
   macro avg       0.75      0.68      0.70      1060
weighted avg       0.69      0.70      0.68      1060
