              precision    recall  f1-score   support

           1       0.91      0.96      0.94       482
           2       0.79      0.77      0.78        88
           3       0.87      0.46      0.60        28
           4       0.82      0.93      0.87        40
           5       0.00      0.00      0.00         1
           6       0.83      0.73      0.78        26
           7       0.78      0.90      0.84        20
           8       1.00      0.60      0.75         5
           9       1.00      0.70      0.82        10
          10       1.00      0.20      0.33         5
          11       0.86      0.75      0.80         8
          12       1.00      0.50      0.67         4
          13       0.00      0.00      0.00         1
          14       1.00      0.50      0.67         6

    accuracy                           0.89       724
   macro avg       0.78      0.57      0.63       724
weighted avg       0.88      0.89      0.88       724
