              precision    recall  f1-score   support

           1       0.83      0.99      0.91       279
           2       0.98      0.96      0.97        53
           3       0.38      0.38      0.38        24
           4       0.58      0.54      0.56        13
           5       0.71      0.75      0.73        40
           6       0.92      0.61      0.73        18
           7       0.91      0.85      0.88        47
           8       0.78      0.54      0.64        13
           9       0.92      0.68      0.78        34
          10       1.00      0.92      0.96        13
          11       0.75      0.60      0.67        10
          12       1.00      1.00      1.00        16
          13       1.00      0.38      0.55         8
          14       1.00      0.45      0.62        11
          15       1.00      1.00      1.00         2
          16       1.00      0.67      0.80         3
          17       1.00      0.40      0.57         5
          18       1.00      0.78      0.88         9
          19       0.00      0.00      0.00         1
          20       1.00      1.00      1.00         1
          21       1.00      0.43      0.60         7
          22       1.00      0.80      0.89         5
          23       0.00      0.00      0.00         1
          24       0.00      0.00      0.00         1
          25       0.00      0.00      0.00         3

    accuracy                           0.84       617
   macro avg       0.75      0.59      0.64       617
weighted avg       0.84      0.84      0.83       617
