              precision    recall  f1-score   support

           1       0.76      0.93      0.83       438
           2       0.78      0.60      0.68       207
           3       0.94      0.76      0.84        76
           4       0.84      0.46      0.59        46
           5       0.82      0.78      0.80        65
           6       1.00      0.73      0.85        15
           7       0.00      0.00      0.00         2
           8       0.33      0.11      0.17         9

    accuracy                           0.78       858
   macro avg       0.68      0.55      0.60       858
weighted avg       0.79      0.78      0.77       858
