              precision    recall  f1-score   support

           1       0.00      0.00      0.00         1
           2       0.98      0.98      0.98        52
           3       0.14      0.14      0.14         7
           4       0.81      0.95      0.88        60
           5       0.00      0.00      0.00         2
           6       0.86      0.95      0.90        44
           7       0.80      0.40      0.53        10
           8       1.00      0.50      0.67         8
           9       0.43      0.75      0.55         8
          10       0.88      0.92      0.90        24
          11       0.67      1.00      0.80         2
          12       1.00      0.33      0.50         3
          13       1.00      0.44      0.62         9
          14       0.80      1.00      0.89         4
          15       0.50      1.00      0.67         1
          16       0.00      0.00      0.00         2
          18       1.00      0.50      0.67         2
          19       1.00      1.00      1.00         1
          20       0.00      0.00      0.00         1
          21       0.00      0.00      0.00         1
          24       1.00      0.50      0.67         2

    accuracy                           0.83       244
   macro avg       0.61      0.54      0.54       244
weighted avg       0.82      0.83      0.81       244
