              precision    recall  f1-score   support

           1       0.59      0.88      0.71        81
           2       0.00      0.00      0.00        21
           3       0.75      0.50      0.60         6
           4       0.77      0.93      0.85        59
           5       0.84      0.96      0.90        51
           6       0.79      0.72      0.76        47
           7       0.64      0.39      0.48        36
           8       0.84      0.64      0.73        25
           9       0.89      0.64      0.74        25
          10       0.75      0.67      0.71         9
          11       1.00      1.00      1.00        12
          12       0.00      0.00      0.00         3
          13       0.00      0.00      0.00         4
          14       0.67      0.75      0.71         8

    accuracy                           0.73       387
   macro avg       0.61      0.58      0.58       387
weighted avg       0.69      0.73      0.70       387
