              precision    recall  f1-score   support

           1       0.83      0.81      0.82       140
           2       0.58      0.63      0.60       144
           3       0.64      0.81      0.71        98
           4       0.92      0.90      0.91        78
           5       0.71      0.84      0.77        80
           6       0.85      0.81      0.83        83
           7       0.73      0.77      0.75        69
           8       0.81      0.68      0.74        73
           9       0.90      0.70      0.79        54
          10       0.93      0.73      0.82        77
          11       0.93      0.89      0.91        46
          12       0.63      0.79      0.70        43
          13       0.87      0.77      0.81        43
          14       0.96      0.94      0.95        48
          15       0.82      0.84      0.83        49
          16       0.94      0.85      0.89        40
          17       0.97      0.82      0.89        34
          18       0.93      0.82      0.87        17
          19       0.93      0.93      0.93        15
          20       0.67      0.67      0.67         6
          21       1.00      0.50      0.67         2

    accuracy                           0.79      1239
   macro avg       0.84      0.79      0.80      1239
weighted avg       0.80      0.79      0.79      1239
