              precision    recall  f1-score   support

           1       0.93      0.98      0.96        55
           2       0.83      0.71      0.77         7
           3       0.93      0.95      0.94        42
           4       0.83      0.96      0.89        52
           5       1.00      1.00      1.00        26
           6       0.88      0.92      0.90        25
           7       0.89      0.94      0.92        18
           8       0.71      0.87      0.78        31
           9       0.90      0.86      0.88        21
          11       1.00      0.83      0.91         6
          12       0.00      0.00      0.00         1
          13       0.80      1.00      0.89         4
          14       0.00      0.00      0.00         2
          16       1.00      1.00      1.00        14
          17       0.67      0.67      0.67         6
          18       0.86      1.00      0.92         6
          19       1.00      1.00      1.00         8
          20       1.00      0.22      0.36         9
          21       0.86      1.00      0.92         6
          22       1.00      1.00      1.00         1
          23       0.00      0.00      0.00         2
          24       0.60      0.50      0.55         6
          25       1.00      0.60      0.75         5
          26       1.00      0.67      0.80         9
          27       0.88      0.64      0.74        11
          28       1.00      1.00      1.00         2

    accuracy                           0.88       375
   macro avg       0.79      0.74      0.75       375
weighted avg       0.88      0.88      0.87       375
