              precision    recall  f1-score   support

           1       0.84      0.94      0.89       157
           2       0.85      0.86      0.86       101
           3       0.95      0.98      0.97       127
           4       0.77      0.86      0.81        50
           5       0.00      0.00      0.00         1
           6       0.93      0.87      0.90        45
           7       0.95      0.88      0.91        42
           8       0.92      0.96      0.94        23
           9       1.00      0.75      0.86         4
          10       1.00      0.91      0.96        35
          11       0.92      1.00      0.96        12
          12       1.00      0.96      0.98        23
          13       0.91      1.00      0.95        21
          14       0.53      0.62      0.57        13
          15       0.86      1.00      0.92        12
          16       1.00      1.00      1.00        14
          17       0.87      0.65      0.74        20
          18       1.00      0.96      0.98        25
          19       0.92      1.00      0.96        12
          20       1.00      1.00      1.00        13
          21       1.00      1.00      1.00         4
          22       1.00      0.60      0.75        15
          23       1.00      0.83      0.91        12
          24       1.00      0.73      0.84        11
          25       0.83      0.83      0.83         6
          26       1.00      0.33      0.50         9
          27       0.00      0.00      0.00         2

    accuracy                           0.90       809
   macro avg       0.85      0.80      0.81       809
weighted avg       0.90      0.90      0.89       809
