              precision    recall  f1-score   support

           1       0.86      0.95      0.90       220
           2       0.89      0.93      0.91       227
           3       0.93      0.92      0.93        92
           4       0.76      0.75      0.76       110
           5       0.93      0.76      0.84        37
           6       0.89      0.78      0.83        40
           7       0.92      0.79      0.85        42
           8       0.00      0.00      0.00         2
           9       0.88      1.00      0.94        22
          10       0.82      0.78      0.80        23
          11       1.00      1.00      1.00         2
          12       0.88      0.88      0.88        16
          13       0.89      0.84      0.86        19
          14       1.00      0.80      0.89        10
          15       1.00      0.43      0.60         7
          16       1.00      0.71      0.83         7
          17       1.00      1.00      1.00         1
          18       0.00      0.00      0.00         3
          19       1.00      0.50      0.67         2
          20       1.00      1.00      1.00         3

    accuracy                           0.87       885
   macro avg       0.83      0.74      0.77       885
weighted avg       0.87      0.87      0.87       885
