              precision    recall  f1-score   support

           1       0.82      0.96      0.88       561
           2       0.72      0.58      0.64       135
           3       0.75      0.32      0.45        65
           4       0.83      0.71      0.77        14
           5       0.91      0.86      0.89        37
           6       1.00      0.20      0.33         5
           7       0.67      0.27      0.38        15
           8       0.83      0.62      0.71         8
           9       1.00      0.57      0.73         7
          10       0.67      0.75      0.71         8
          11       1.00      0.50      0.67         6
          13       1.00      0.25      0.40         8
          14       0.00      0.00      0.00         1

    accuracy                           0.81       870
   macro avg       0.79      0.51      0.58       870
weighted avg       0.80      0.81      0.79       870
