              precision    recall  f1-score   support

           1       0.75      0.60      0.67         5
           2       0.83      0.97      0.89        30
           3       0.00      0.00      0.00         1
           5       0.92      1.00      0.96        44
           6       1.00      1.00      1.00         3
           7       1.00      1.00      1.00         4
           8       0.00      0.00      0.00         1
           9       0.95      1.00      0.98        21
          11       0.93      0.93      0.93        14
          12       0.00      0.00      0.00         2
          14       0.00      0.00      0.00         1
          15       0.60      1.00      0.75         3
          16       1.00      1.00      1.00         3
          18       1.00      0.40      0.57         5
          19       1.00      1.00      1.00         7
          20       0.00      0.00      0.00         1
          21       1.00      0.93      0.96        14
          22       0.00      0.00      0.00         2
          24       0.00      0.00      0.00         1
          26       0.80      1.00      0.89         4

    accuracy                           0.90       166
   macro avg       0.59      0.59      0.58       166
weighted avg       0.86      0.90      0.87       166
