              precision    recall  f1-score   support

           1       0.96      0.98      0.97       215
           2       0.95      0.97      0.96       128
           3       1.00      0.79      0.88        14
           4       0.85      0.73      0.79        15
           5       0.89      0.80      0.84        10
           6       1.00      1.00      1.00         3
           7       1.00      1.00      1.00         3
           8       1.00      0.67      0.80         3
           9       1.00      1.00      1.00         3

    accuracy                           0.95       394
   macro avg       0.96      0.88      0.92       394
weighted avg       0.95      0.95      0.95       394
