              precision    recall  f1-score   support

           1       0.88      0.94      0.91       142
           2       0.89      0.97      0.93       123
           3       0.89      0.99      0.94       102
           4       0.97      0.98      0.98        64
           5       0.94      0.98      0.96        45
           6       0.96      1.00      0.98        47
           7       0.97      0.87      0.92        45
           8       0.95      0.66      0.78        29
           9       0.90      0.87      0.88        30
          10       1.00      0.73      0.85        15
          11       1.00      0.78      0.88        23
          12       0.92      0.86      0.89        14
          13       1.00      1.00      1.00         8
          14       1.00      1.00      1.00         4
          15       1.00      0.67      0.80         3
          16       1.00      0.50      0.67         8
          17       1.00      0.80      0.89         5
          18       0.00      0.00      0.00         2
          19       1.00      1.00      1.00         1
          20       1.00      0.67      0.80         6
          21       1.00      1.00      1.00         1
          22       0.67      0.40      0.50         5

    accuracy                           0.92       722
   macro avg       0.91      0.80      0.84       722
weighted avg       0.92      0.92      0.91       722
