              precision    recall  f1-score   support

           1       0.89      0.98      0.93       146
           2       0.93      0.99      0.96        85
           3       0.97      1.00      0.99        35
           4       0.86      0.88      0.87        41
           5       0.71      1.00      0.83        20
           6       0.82      0.97      0.89        32
           7       0.83      0.95      0.88        20
           8       0.86      1.00      0.92        18
           9       0.89      0.89      0.89        19
          10       1.00      0.77      0.87        13
          11       0.82      0.82      0.82        11
          12       0.89      1.00      0.94        31
          13       1.00      0.68      0.81        19
          14       1.00      0.67      0.80        12
          15       0.81      0.89      0.85        19
          16       0.85      0.79      0.81        14
          17       0.67      0.40      0.50         5
          18       1.00      0.89      0.94         9
          19       1.00      0.40      0.57         5
          20       1.00      0.89      0.94         9
          21       1.00      0.50      0.67         4
          23       0.60      0.75      0.67         4
          24       0.00      0.00      0.00         6
          25       0.00      0.00      0.00         7
          26       1.00      0.50      0.67         2
          27       1.00      0.20      0.33         5
          28       1.00      0.50      0.67         2
          29       1.00      0.67      0.80         3
          30       0.00      0.00      0.00         2
          31       0.00      0.00      0.00         1
          32       1.00      0.25      0.40         4

    accuracy                           0.88       603
   macro avg       0.79      0.65      0.68       603
weighted avg       0.87      0.88      0.87       603
