              precision    recall  f1-score   support

           1       0.71      0.83      0.77         6
           2       0.40      0.50      0.44         4
           3       0.89      0.89      0.89        19
           4       0.87      0.93      0.90        97
           5       0.81      0.83      0.82        96
           6       0.89      0.85      0.87        91
           7       0.00      0.00      0.00         1
           8       1.00      0.50      0.67         2
           9       1.00      1.00      1.00         2
          10       0.88      0.92      0.90        48
          11       0.97      0.94      0.96        36
          12       0.79      0.79      0.79        29
          14       0.95      1.00      0.97        19
          16       1.00      0.84      0.91        19
          17       0.89      0.73      0.80        11
          18       0.86      0.60      0.71        10
          19       1.00      0.75      0.86         4

    accuracy                           0.86       494
   macro avg       0.82      0.76      0.78       494
weighted avg       0.87      0.86      0.86       494
