              precision    recall  f1-score   support

           1       0.97      0.95      0.96        40
           2       0.78      0.76      0.77        37
           3       0.97      1.00      0.98        31
           4       0.76      0.87      0.81        30
           5       0.94      1.00      0.97        16
           6       1.00      1.00      1.00        13
           7       1.00      0.72      0.84        18
           8       1.00      1.00      1.00        10
           9       0.75      1.00      0.86         3
          10       1.00      1.00      1.00         7
          11       1.00      1.00      1.00         5
          12       1.00      1.00      1.00         4
          13       0.33      0.33      0.33         3
          14       0.00      0.00      0.00         1
          15       0.50      1.00      0.67         1
          16       1.00      1.00      1.00         1
          17       1.00      1.00      1.00         1

    accuracy                           0.90       221
   macro avg       0.82      0.86      0.83       221
weighted avg       0.90      0.90      0.89       221
