              precision    recall  f1-score   support

           1       0.94      0.95      0.95       143
           2       0.85      0.90      0.88        71
           3       0.91      0.96      0.94        75
           4       0.74      0.79      0.76        70
           5       0.98      0.98      0.98        44
           6       0.75      0.77      0.76        39
           7       1.00      0.95      0.98        22
           8       1.00      0.96      0.98        25
           9       0.60      0.23      0.33        13
          10       1.00      0.73      0.84        11
          11       1.00      1.00      1.00         8
          12       1.00      1.00      1.00         5
          13       1.00      1.00      1.00        10
          14       1.00      0.88      0.93         8
          15       1.00      1.00      1.00         6

    accuracy                           0.89       550
   macro avg       0.92      0.87      0.89       550
weighted avg       0.89      0.89      0.89       550
