              precision    recall  f1-score   support

           1       0.74      0.89      0.81       102
           2       0.95      0.98      0.96        55
           3       0.76      0.93      0.84        42
           4       0.78      0.89      0.83        44
           5       0.84      0.47      0.60        45
           6       0.97      1.00      0.99        34
           7       0.69      0.78      0.74        32
           8       0.82      1.00      0.90        28
           9       0.96      0.96      0.96        27
          10       0.88      0.64      0.74        22
          11       0.94      0.94      0.94        16
          12       0.94      1.00      0.97        17
          13       0.79      0.79      0.79        14
          14       0.91      0.67      0.77        15
          15       1.00      0.80      0.89        15
          16       1.00      0.56      0.71         9
          17       0.75      0.86      0.80         7
          18       1.00      0.50      0.67         4
          19       1.00      0.50      0.67         6
          20       0.75      1.00      0.86         3
          21       1.00      0.14      0.25         7
          22       1.00      1.00      1.00         1
          23       1.00      0.80      0.89         5
          24       1.00      1.00      1.00         2
          25       0.00      0.00      0.00         3

    accuracy                           0.83       555
   macro avg       0.86      0.76      0.78       555
weighted avg       0.84      0.83      0.82       555
