              precision    recall  f1-score   support

           1       0.00      0.00      0.00         0
           2       0.00      0.00      0.00         1
           3       0.00      0.00      0.00         1
           7       1.00      0.50      0.67         2
           8       1.00      1.00      1.00         2
          13       1.00      1.00      1.00        29
          15       0.93      1.00      0.97        14
          20       0.89      1.00      0.94         8

    accuracy                           0.95        57
   macro avg       0.60      0.56      0.57        57
weighted avg       0.93      0.95      0.94        57
