              precision    recall  f1-score   support

           1       0.64      0.85      0.73       123
           2       0.70      0.72      0.71       102
           3       0.77      0.76      0.77        75
           4       0.75      0.69      0.72        75
           5       0.62      0.59      0.60        70
           6       0.78      0.85      0.82        60
           7       0.58      0.49      0.53        51
           8       0.78      0.80      0.79        50
           9       0.78      0.58      0.67        60
          10       0.62      0.62      0.62        39
          11       0.64      0.48      0.55        33
          12       0.84      0.93      0.88        40
          13       1.00      0.73      0.84        26
          14       0.73      0.94      0.82        17
          15       1.00      0.84      0.91        19
          16       0.83      0.38      0.53        13
          17       0.82      0.90      0.86        10
          18       1.00      1.00      1.00        11

    accuracy                           0.72       874
   macro avg       0.77      0.73      0.74       874
weighted avg       0.73      0.72      0.72       874
