              precision    recall  f1-score   support

           1       0.95      1.00      0.97       175
           2       0.83      0.88      0.86        34
           3       0.91      1.00      0.95        49
           4       0.92      0.92      0.92        38
           5       0.72      0.93      0.81        14
           6       0.93      0.82      0.87        17
           7       1.00      1.00      1.00         8
           8       1.00      1.00      1.00         9
           9       0.69      0.85      0.76        13
          10       0.95      0.95      0.95        22
          11       1.00      0.88      0.93        16
          12       0.67      0.50      0.57         4
          13       1.00      0.38      0.55         8
          14       1.00      1.00      1.00        18
          15       0.92      0.85      0.88        13
          16       1.00      0.86      0.92         7
          17       1.00      0.75      0.86        16
          18       1.00      0.50      0.67         2
          19       0.67      1.00      0.80         6
          20       1.00      1.00      1.00         5
          21       1.00      0.83      0.91         6
          22       0.00      0.00      0.00         1
          23       0.67      0.67      0.67         3
          24       0.75      0.75      0.75         4
          25       1.00      0.25      0.40         4
          26       0.00      0.00      0.00         3
          28       1.00      1.00      1.00         3
          29       1.00      1.00      1.00         1
          30       1.00      1.00      1.00         1
          31       1.00      0.50      0.67         2
          32       0.00      0.00      0.00         1

    accuracy                           0.91       503
   macro avg       0.83      0.74      0.76       503
weighted avg       0.91      0.91      0.91       503
