              precision    recall  f1-score   support

           1       0.00      0.00      0.00         2
           2       0.92      1.00      0.96        23
           3       0.59      0.81      0.68        79
           4       0.70      0.57      0.63        40
           5       0.81      0.66      0.73        44
           6       0.87      0.62      0.72        21
           7       0.85      0.97      0.90        29
           8       0.86      0.86      0.86        43
           9       0.82      0.69      0.75        13
          10       1.00      0.71      0.83         7
          11       0.80      0.89      0.84        18
          12       1.00      1.00      1.00        11
          13       0.90      0.86      0.88        21
          14       1.00      1.00      1.00         1
          15       0.80      1.00      0.89         4
          16       0.60      0.60      0.60         5
          17       1.00      1.00      1.00         5
          18       1.00      1.00      1.00         5
          19       0.67      0.25      0.36         8
          20       1.00      0.75      0.86         4
          21       1.00      1.00      1.00         1
          22       0.00      0.00      0.00         1
          23       1.00      0.67      0.80         3
          25       1.00      0.40      0.57         5

    accuracy                           0.77       393
   macro avg       0.80      0.72      0.74       393
weighted avg       0.78      0.77      0.77       393
