              precision    recall  f1-score   support

           1       0.71      0.84      0.77       110
           3       0.78      0.76      0.77        91
           4       0.00      0.00      0.00         3
           5       0.94      0.89      0.92        56
           6       0.94      0.94      0.94        16
           7       0.00      0.00      0.00         1
           8       0.97      0.93      0.95        42
           9       1.00      0.97      0.99        34
          10       0.94      0.94      0.94        18
          11       0.70      0.58      0.64        12
          12       0.90      0.75      0.82        12
          13       1.00      0.75      0.86         4
          16       1.00      1.00      1.00         2
          17       1.00      1.00      1.00         1
          18       1.00      0.50      0.67         2
          19       1.00      1.00      1.00         3

    accuracy                           0.84       407
   macro avg       0.81      0.74      0.77       407
weighted avg       0.84      0.84      0.84       407
