              precision    recall  f1-score   support

           1       0.90      0.97      0.93        89
           2       0.75      0.30      0.43        10
           3       1.00      0.60      0.75         5
           4       0.00      0.00      0.00         1
           5       0.00      0.00      0.00         1
           7       0.85      0.92      0.88        12
           8       0.89      0.89      0.89         9
           9       0.50      1.00      0.67         2
          19       1.00      1.00      1.00         3

    accuracy                           0.88       132
   macro avg       0.65      0.63      0.62       132
weighted avg       0.87      0.88      0.86       132
