              precision    recall  f1-score   support

           1       0.89      0.91      0.90        53
           2       0.95      0.95      0.95        63
           3       0.67      0.67      0.67         6
           5       0.00      0.00      0.00         1
           6       1.00      0.50      0.67         2
           7       0.73      1.00      0.84         8
           8       0.50      0.20      0.29         5
           9       0.00      0.00      0.00         1
          10       1.00      0.50      0.67         2
          11       0.50      0.33      0.40         3
          12       1.00      0.50      0.67         2
          13       0.00      0.00      0.00         3
          15       0.50      1.00      0.67         2

    accuracy                           0.84       151
   macro avg       0.60      0.50      0.52       151
weighted avg       0.85      0.84      0.84       151
