              precision    recall  f1-score   support

           1       0.00      0.00      0.00         1
           2       0.89      0.99      0.94       107
           3       0.00      0.00      0.00         1
           4       0.92      0.89      0.90        96
           5       0.00      0.00      0.00         1
           6       0.96      0.96      0.96        26
           7       0.98      1.00      0.99        50
           8       0.00      0.00      0.00         2
           9       1.00      0.71      0.83         7
          10       0.92      1.00      0.96        12
          12       0.00      0.00      0.00         1
          13       0.80      0.80      0.80        10
          14       0.75      1.00      0.86         6
          15       1.00      1.00      1.00         8
          16       0.75      0.75      0.75         4
          17       1.00      0.83      0.91         6
          18       0.00      0.00      0.00         3

    accuracy                           0.92       341
   macro avg       0.59      0.58      0.58       341
weighted avg       0.90      0.92      0.91       341
