              precision    recall  f1-score   support

           1       0.94      1.00      0.97        76
           2       0.88      0.91      0.89        85
           3       0.91      0.95      0.93        41
           4       0.67      0.50      0.57         4
           5       0.82      0.89      0.85        35
           6       0.93      0.93      0.93        30
           7       0.92      0.96      0.94        25
           8       0.86      0.75      0.80         8
           9       1.00      0.94      0.97        16
          10       0.83      0.86      0.85        35
          11       1.00      0.97      0.98        31
          12       1.00      1.00      1.00        27
          13       1.00      1.00      1.00        18
          14       1.00      0.96      0.98        25
          15       0.73      0.62      0.67        13
          16       1.00      1.00      1.00         1
          17       1.00      0.20      0.33         5
          19       1.00      1.00      1.00         5
          20       0.00      0.00      0.00         1
          22       1.00      1.00      1.00         4
          23       1.00      0.75      0.86         4
          25       1.00      1.00      1.00         3
          27       0.00      0.00      0.00         1
          28       1.00      0.50      0.67         2

    accuracy                           0.92       495
   macro avg       0.85      0.78      0.80       495
weighted avg       0.91      0.92      0.91       495
