              precision    recall  f1-score   support

           1       0.76      0.88      0.82       470
           2       0.74      0.68      0.71       247
           3       0.97      0.94      0.96       178
           4       0.92      0.76      0.83        74
           5       0.92      0.92      0.92        64
           6       0.96      0.85      0.90        54
           7       0.89      0.85      0.87        48
           8       0.87      0.91      0.89        43
           9       0.90      0.79      0.84        33
          10       0.91      0.78      0.84        27
          11       1.00      0.79      0.88        19
          12       0.80      0.21      0.33        19
          13       0.90      0.60      0.72        15

    accuracy                           0.83      1291
   macro avg       0.89      0.77      0.81      1291
weighted avg       0.83      0.83      0.82      1291
