              precision    recall  f1-score   support

           1       0.87      0.98      0.92       826
           2       0.00      0.00      0.00        52
           3       0.74      0.38      0.50        74
           4       0.69      0.69      0.69       180
           5       0.87      0.87      0.87       202
           6       0.77      0.82      0.80       325
           7       0.81      0.90      0.85       277
           8       0.78      0.74      0.76       222
           9       0.85      0.71      0.77       156
          10       0.91      0.85      0.88        62
          11       0.80      0.65      0.71        31
          12       0.92      0.71      0.80        31
          13       0.93      0.95      0.94        43
          14       0.84      0.78      0.81        40
          15       1.00      1.00      1.00        13
          16       0.94      0.89      0.91        18
          17       0.95      0.83      0.89        24
          18       1.00      0.65      0.79        20
          19       0.00      0.00      0.00         8

    accuracy                           0.83      2604
   macro avg       0.77      0.71      0.73      2604
weighted avg       0.81      0.83      0.81      2604
