              precision    recall  f1-score   support

           1       0.92      0.99      0.96       162
           2       0.97      0.97      0.97       198
           3       0.98      0.97      0.98       135
           4       0.00      0.00      0.00         5
           5       0.00      0.00      0.00         2
           7       0.89      0.96      0.92        67
           8       1.00      0.85      0.92        41
           9       0.88      0.85      0.86        26
          11       0.00      0.00      0.00         1
          17       0.00      0.00      0.00         1
          21       0.75      1.00      0.86         3

    accuracy                           0.95       641
   macro avg       0.58      0.60      0.59       641
weighted avg       0.94      0.95      0.94       641
