              precision    recall  f1-score   support

           1       0.84      0.93      0.89       228
           2       0.86      0.97      0.91       185
           3       0.92      0.94      0.93        63
           4       0.94      1.00      0.97        59
           5       0.98      0.78      0.87        59
           6       1.00      0.85      0.92        39
           7       0.90      0.93      0.91        28
           8       1.00      1.00      1.00        32
           9       1.00      0.86      0.93        22
          10       0.80      0.57      0.67        14
          11       1.00      0.62      0.76        13
          12       0.00      0.00      0.00        10
          13       0.86      0.75      0.80         8
          14       1.00      0.25      0.40         8
          15       1.00      0.67      0.80         6
          16       0.50      0.29      0.36         7
          17       1.00      1.00      1.00         6
          18       0.00      0.00      0.00         3

    accuracy                           0.89       790
   macro avg       0.81      0.69      0.73       790
weighted avg       0.88      0.89      0.88       790
