              precision    recall  f1-score   support

           1       0.95      0.99      0.97        77
           2       0.81      1.00      0.89        21
           3       0.91      0.95      0.93        21
           4       0.82      0.93      0.87        15
           5       0.76      0.93      0.84        14
           6       1.00      1.00      1.00        13
           7       0.88      0.88      0.88         8
           8       1.00      0.85      0.92        13
           9       0.50      0.67      0.57         6
          10       0.86      0.86      0.86         7
          11       0.71      0.83      0.77         6
          12       0.67      1.00      0.80         4
          13       0.67      0.33      0.44         6
          14       0.91      0.83      0.87        12
          15       0.60      0.86      0.71         7
          16       0.50      0.50      0.50         4
          17       0.83      0.56      0.67         9
          18       0.86      0.75      0.80         8
          19       0.86      0.86      0.86         7
          20       0.60      0.75      0.67         4
          21       1.00      1.00      1.00         3
          22       1.00      0.33      0.50         3
          23       1.00      0.67      0.80         3
          24       0.00      0.00      0.00         1
          25       0.50      0.25      0.33         4
          26       0.00      0.00      0.00         1
          29       0.00      0.00      0.00         1
          30       0.00      0.00      0.00         1
          32       0.00      0.00      0.00         4

    accuracy                           0.85       283
   macro avg       0.66      0.64      0.64       283
weighted avg       0.83      0.85      0.83       283
