              precision    recall  f1-score   support

           1       0.70      0.92      0.80       167
           2       0.81      0.65      0.72        78
           3       0.91      0.99      0.95        87
           4       0.68      0.87      0.76        54
           5       0.82      0.78      0.80        68
           6       0.79      0.71      0.75        42
           7       1.00      0.92      0.96        25
           8       0.83      0.50      0.62        20
           9       1.00      0.56      0.71        18
          10       0.89      0.73      0.80        11
          11       1.00      1.00      1.00        15
          12       1.00      1.00      1.00         9
          13       1.00      0.58      0.73        19
          14       0.91      0.71      0.80        14
          15       0.40      0.29      0.33         7
          16       1.00      0.83      0.91         6
          17       1.00      0.50      0.67         6
          18       0.00      0.00      0.00         9
          19       1.00      1.00      1.00         6
          20       1.00      0.75      0.86         4
          21       1.00      0.67      0.80         3
          22       0.00      0.00      0.00         3
          23       1.00      0.50      0.67         2
          24       1.00      0.83      0.91         6

    accuracy                           0.80       679
   macro avg       0.82      0.68      0.73       679
weighted avg       0.80      0.80      0.79       679
