              precision    recall  f1-score   support

           1       0.89      0.96      0.93       185
           2       0.92      0.96      0.94       151
           3       0.76      0.83      0.80        84
           4       0.74      0.85      0.79        74
           5       0.96      1.00      0.98        45
           6       0.84      0.82      0.83        39
           7       0.80      0.57      0.67        21
           8       0.67      0.10      0.17        20
           9       0.71      0.50      0.59        24
          10       0.88      0.88      0.88        17
          11       0.82      0.60      0.69        15
          12       1.00      1.00      1.00         8
          13       1.00      0.29      0.44         7
          14       1.00      0.67      0.80         3
          15       1.00      1.00      1.00         2

    accuracy                           0.86       695
   macro avg       0.87      0.74      0.77       695
weighted avg       0.85      0.86      0.85       695
