              precision    recall  f1-score   support

           1       0.50      0.40      0.44         5
           2       0.87      0.65      0.74        20
           3       0.71      0.95      0.82        21
           4       1.00      0.71      0.83         7
           5       0.80      1.00      0.89         4
           6       0.44      0.80      0.57         5
           7       0.92      1.00      0.96        11
           8       1.00      0.33      0.50         3
           9       1.00      1.00      1.00         2
          10       0.00      0.00      0.00         2
          11       1.00      0.80      0.89        10
          12       0.33      1.00      0.50         1
          13       1.00      1.00      1.00         6
          14       1.00      0.67      0.80         3
          16       0.00      0.00      0.00         1
          17       0.00      0.00      0.00         1

    accuracy                           0.77       102
   macro avg       0.66      0.64      0.62       102
weighted avg       0.80      0.77      0.77       102
