              precision    recall  f1-score   support

           1       0.60      0.64      0.62        44
           2       0.74      0.92      0.82        83
           3       0.89      0.90      0.89        80
           4       1.00      0.90      0.95        21
           5       0.97      0.97      0.97        60
           6       0.80      0.83      0.82        48
           7       0.56      0.45      0.50        20
           8       0.79      0.60      0.68        25
           9       0.71      0.52      0.60        23
          10       0.87      0.84      0.85        31
          11       1.00      0.90      0.95        20
          12       1.00      0.87      0.93        15
          13       1.00      0.82      0.90        17

    accuracy                           0.82       487
   macro avg       0.84      0.78      0.81       487
weighted avg       0.83      0.82      0.82       487
