BoneMarrowcKit_2.csv
the number of observations: 13019
the number of features: 20599
the number of targets: 19
loss
	3.2502708435058594
	3.228971481323242
	2.9714455604553223
	2.8298251628875732
	2.739058256149292
	2.6594371795654297
	2.602299213409424
	2.562290668487549
	2.521207094192505
	2.5125715732574463
	2.5007879734039307
	2.4979004859924316
	2.472139596939087
	2.4763152599334717
	2.464303731918335
	2.472770929336548
	2.4831485748291016
	2.488417863845825
	2.468550682067871
	2.438809633255005
	2.465571641921997
	2.4344794750213623
	2.442026138305664
	2.4433281421661377
	2.421968460083008
	2.4152541160583496
	2.414046049118042
	2.4460816383361816
	2.42728853225708
	2.3985342979431152
	2.3913862705230713
	2.3876094818115234
	2.3945353031158447
	2.437720775604248
	2.412992000579834
	2.3909666538238525
	2.3749396800994873
	2.4514517784118652
	2.407991886138916
	2.379383087158203
	2.3367295265197754
	2.289438247680664
	2.239051342010498
	2.186802625656128
	2.130911111831665
	2.073073387145996
	2.0337085723876953
	2.0844063758850098
	2.0287253856658936
	2.0619101524353027
	2.024932861328125
	2.001155138015747
	1.933034896850586
	1.9041169881820679
	2.114788293838501
	2.6400911808013916
	2.438629627227783
	2.408379554748535
	2.354966640472412
	2.2977850437164307
	2.245432138442993
	2.2007505893707275
	2.1496872901916504
	2.115863800048828
	2.0864686965942383
	2.0452499389648438
	2.0160984992980957
	1.9618468284606934
	2.011805534362793
	2.597095251083374
	2.994574785232544
	2.8477683067321777
	2.783273220062256
	2.710313320159912
	2.6805715560913086
	2.6516220569610596
	2.6380341053009033
	2.62465500831604
	2.5959582328796387
	2.586512565612793
	2.5720577239990234
	2.5594184398651123

accuracy
	0.2380220890045166
	0.012674028053879738
	0.012674028053879738
	0.037542007863521576
	0.10484877228736877
	0.17609217762947083
	0.2398463785648346
	0.2888142168521881
	0.3066730797290802
	0.3132021129131317
	0.3114738464355469
	0.30926549434661865
	0.313874214887619
	0.3146423399448395
	0.3153144419193268
	0.315698504447937
	0.315698504447937
	0.31579452753067017
	0.315698504447937
	0.3158905506134033
	0.31493037939071655
	0.31512242555618286
	0.31445032358169556
	0.3148343861103058
	0.315698504447937
	0.3158905506134033
	0.3158905506134033
	0.3159865438938141
	0.3158905506134033
	0.3158905506134033
	0.3158905506134033
	0.3158905506134033
	0.3158905506134033
	0.3158905506134033
	0.3158905506134033
	0.3158905506134033
	0.3158905506134033
	0.3158905506134033
	0.3158905506134033
	0.3158905506134033
	0.3159865438938141
	0.3158905506134033
	0.3159865438938141
	0.3158905506134033
	0.3158905506134033
	0.3183869421482086
	0.32097935676574707
	0.3222275674343109
	0.32280364632606506
	0.3281805217266083
	0.34363898634910583
	0.3629380762577057
	0.37839654088020325
	0.3766682744026184
	0.34181469678878784
	0.3033125400543213
	0.3108017146587372
	0.3150264024734497
	0.3141622543334961
	0.31675466895103455
	0.3161785900592804
	0.31694671511650085
	0.3200192153453827
	0.3222275674343109
	0.32731637358665466
	0.33163705468177795
	0.3382621109485626
	0.34699952602386475
	0.354968786239624
	0.2843014895915985
	0.1000480055809021
	0.09217474609613419
	0.0711473822593689
	0.07450792193412781
	0.07518003135919571
	0.07959673553705215
	0.0808449387550354
	0.08526164293289185
	0.08958233147859573
	0.09707152843475342
	0.10475276410579681
	0.11819490790367126

val_loss
	2.988497018814087
	2.960136651992798
	2.860755205154419
	2.7404403686523438
	2.6525626182556152
	2.573106527328491
	2.5197925567626953
	2.466156244277954
	2.4084582328796387
	2.374228000640869
	2.422621011734009
	2.394205093383789
	2.366203546524048
	2.3383870124816895
	2.3323402404785156
	2.4011142253875732
	2.4018795490264893
	2.3946003913879395
	2.4042656421661377
	2.4041860103607178
	2.36958646774292
	2.352816581726074
	2.371624231338501
	2.3396759033203125
	2.3152737617492676
	2.3006856441497803
	2.3226332664489746
	2.3975188732147217
	2.328490734100342
	2.3143796920776367
	2.2979767322540283
	2.295788526535034
	2.3893208503723145
	2.3581974506378174
	2.3312337398529053
	2.305236339569092
	2.3824117183685303
	2.3697283267974854
	2.3351900577545166
	2.2729897499084473
	2.2619545459747314
	2.201439619064331
	2.1265127658843994
	2.036020040512085
	1.9407658576965332
	1.886993408203125
	1.8896307945251465
	1.916408658027649
	1.848209261894226
	1.908681035041809
	1.85911226272583
	1.8152486085891724
	1.77436363697052
	1.7623748779296875
	2.1473681926727295
	2.320526361465454
	2.267279624938965
	2.206753969192505
	2.154503345489502
	2.132538318634033
	2.082143783569336
	2.0188941955566406
	1.96796452999115
	1.9805269241333008
	1.925336241722107
	1.8798573017120361
	1.8388583660125732
	1.809922695159912
	1.8255435228347778
	2.893677234649658
	2.730369806289673
	2.877595901489258
	2.667386770248413
	2.637110948562622
	2.6106269359588623
	2.5887796878814697
	2.5701863765716553
	2.553903102874756
	2.5386786460876465
	2.524998188018799
	2.5113697052001953
	2.499356985092163

val_accuracy
	0.009216589853167534
	0.0030721966177225113
	0.0030721966177225113
	0.0030721966177225113
	0.3172042965888977
	0.3172042965888977
	0.3172042965888977
	0.3172042965888977
	0.3172042965888977
	0.3172042965888977
	0.3172042965888977
	0.3172042965888977
	0.3172042965888977
	0.3172042965888977
	0.3172042965888977
	0.3172042965888977
	0.3172042965888977
	0.3172042965888977
	0.3172042965888977
	0.3172042965888977
	0.3172042965888977
	0.3172042965888977
	0.3172042965888977
	0.3172042965888977
	0.3172042965888977
	0.3172042965888977
	0.3172042965888977
	0.3172042965888977
	0.3172042965888977
	0.3172042965888977
	0.3172042965888977
	0.3172042965888977
	0.3172042965888977
	0.3172042965888977
	0.3172042965888977
	0.3172042965888977
	0.3172042965888977
	0.3172042965888977
	0.3172042965888977
	0.3172042965888977
	0.3172042965888977
	0.3172042965888977
	0.3172042965888977
	0.3172042965888977
	0.3172042965888977
	0.3172042965888977
	0.3172042965888977
	0.3172042965888977
	0.3172042965888977
	0.3172042965888977
	0.40514594316482544
	0.41436251997947693
	0.4151305556297302
	0.4139784872531891
	0.3172042965888977
	0.3172042965888977
	0.3172042965888977
	0.3172042965888977
	0.3172042965888977
	0.3172042965888977
	0.3172042965888977
	0.3172042965888977
	0.3172042965888977
	0.3172042965888977
	0.3172042965888977
	0.3172042965888977
	0.3437019884586334
	0.38056835532188416
	0.3997695744037628
	0.10637480765581131
	0.10637480765581131
	0.10637480765581131
	0.10637480765581131
	0.10637480765581131
	0.10637480765581131
	0.10637480765581131
	0.10637480765581131
	0.10637480765581131
	0.10637480765581131
	0.10637480765581131
	0.10637480765581131
	0.10637480765581131

