TrophoblastStemCells_1.csv
the number of observations: 19489
the number of features: 21077
the number of targets: 5
loss
	nan
	0.8869975805282593
	0.7740163207054138
	0.7259871959686279
	0.6814665198326111
	0.667865514755249
	0.6370441913604736
	0.8701024651527405
	0.8902941942214966
	0.7797104716300964
	1.2568992376327515
	1.412865400314331
	1.207965612411499
	1.0918012857437134
	1.0190356969833374
	0.9527460932731628
	0.8911349177360535
	2.248610258102417
	2.6453964710235596
	2.3739240169525146
	2.201298236846924
	2.0063552856445312
	1.940463662147522
	1.893259882926941
	1.8566709756851196
	1.815650224685669
	1.8008462190628052
	1.7632126808166504
	1.7280945777893066
	1.7083832025527954
	1.6889045238494873
	1.6491297483444214
	1.6223574876785278
	1.6133276224136353
	1.6025338172912598
	1.5673960447311401
	1.5572359561920166
	1.5490055084228516
	1.5297824144363403
	1.5095484256744385
	1.5085506439208984
	1.4630951881408691
	1.4493547677993774
	1.4358570575714111
	1.4233012199401855
	1.3883674144744873
	1.3778802156448364
	1.3651081323623657
	1.3525521755218506
	1.3323317766189575
	1.3132941722869873
	1.2981013059616089
	1.2845982313156128
	1.2951655387878418
	1.276889681816101
	1.275386095046997
	1.2672245502471924
	1.2657439708709717
	1.2532566785812378
	1.2493443489074707
	1.237267017364502
	1.2353708744049072
	1.2261625528335571
	1.2199866771697998
	1.2198293209075928
	1.213168740272522
	1.205346941947937
	1.2138562202453613
	1.1873897314071655
	1.189927577972412
	1.1903767585754395
	1.1751049757003784
	1.1699391603469849
	1.1551936864852905
	1.1644306182861328
	1.1488972902297974
	1.151578426361084
	1.1466467380523682
	1.1445351839065552
	1.1313660144805908
	1.11424720287323
	1.115973949432373
	1.1035497188568115
	1.1052241325378418
	1.0384286642074585
	1.0234527587890625
	1.018991231918335
	1.0152815580368042
	0.9906110763549805
	0.9869327545166016
	0.9843122959136963
	0.9780995845794678
	0.9694416522979736
	0.9532994627952576
	0.968509316444397
	0.9599721431732178
	0.962617814540863
	0.9494667053222656
	0.939644455909729
	0.9366140365600586
	0.9403383731842041
	0.924849271774292
	0.9321135878562927
	0.9293769598007202
	0.9356486201286316
	0.9229021668434143
	0.9261341691017151
	0.9250948429107666
	0.92151939868927
	0.9158464670181274
	0.9226696491241455
	0.917568564414978
	0.9165807962417603
	0.907257080078125
	0.9162012934684753
	0.9079495668411255
	0.9197529554367065
	0.9266244173049927
	0.904128909111023
	0.908990204334259
	0.9044131636619568
	0.9112358093261719

accuracy
	0.6796228885650635
	0.804951548576355
	0.827721118927002
	0.8286190629005432
	0.8286831974983215
	0.8286831974983215
	0.8287473320960999
	0.626771867275238
	0.6657045483589172
	0.7956513166427612
	0.4672567546367645
	0.23802193999290466
	0.313578337430954
	0.4180617034435272
	0.5169649124145508
	0.5882881283760071
	0.6187543869018555
	0.30222564935684204
	0.11320633441209793
	0.13822077214717865
	0.17054711282253265
	0.2325059324502945
	0.2493746429681778
	0.2580976188182831
	0.26079148054122925
	0.26714131236076355
	0.26290810108184814
	0.2634212076663971
	0.27689051628112793
	0.27554357051849365
	0.2728497087955475
	0.28368932008743286
	0.2905522286891937
	0.29459303617477417
	0.2898467183113098
	0.30338016152381897
	0.302418053150177
	0.3056250512599945
	0.3063947260379791
	0.3161439299583435
	0.31351420283317566
	0.3248027563095093
	0.3276249170303345
	0.3325636684894562
	0.3364120423793793
	0.3543069660663605
	0.3505227267742157
	0.3607209324836731
	0.36796870827674866
	0.38939130306243896
	0.3975370526313782
	0.40587517619132996
	0.4161375164985657
	0.41222500801086426
	0.41818997263908386
	0.41998589038848877
	0.4249246418476105
	0.41857481002807617
	0.421204537153244
	0.41716375946998596
	0.4298633933067322
	0.4229363203048706
	0.4309537410736084
	0.42479634284973145
	0.4260791540145874
	0.42556601762771606
	0.42729780077934265
	0.4228080213069916
	0.43082547187805176
	0.4292219877243042
	0.4256301820278168
	0.4344172775745392
	0.4337117671966553
	0.4408312439918518
	0.43646976351737976
	0.4457699954509735
	0.443332701921463
	0.4389711916446686
	0.44557759165763855
	0.4502597749233246
	0.4542364180088043
	0.45295363664627075
	0.459367573261261
	0.45295363664627075
	0.5015072822570801
	0.5434545278549194
	0.551279604434967
	0.5520492792129517
	0.5554486513137817
	0.5552562475204468
	0.5544865727424622
	0.555705189704895
	0.5575011372566223
	0.5556410551071167
	0.5493553876876831
	0.5515361428260803
	0.5539093017578125
	0.5558976531028748
	0.5589763522148132
	0.5583990812301636
	0.5548713803291321
	0.5612853765487671
	0.5571804046630859
	0.5606439709663391
	0.5586556196212769
	0.5628247261047363
	0.556346595287323
	0.5601949691772461
	0.5662240982055664
	0.5648130178451538
	0.5616060495376587
	0.5634661316871643
	0.5615419149398804
	0.5692386627197266
	0.5668655037879944
	0.5688538551330566
	0.5660958290100098
	0.5638509392738342
	0.5738567113876343
	0.5727022290229797
	0.5738567113876343
	0.5702648758888245

val_loss
	0.8521284461021423
	0.6545018553733826
	0.6153249144554138
	0.6353170275688171
	0.5833367705345154
	0.5834900140762329
	0.583970844745636
	1.0846126079559326
	0.7006123661994934
	0.6908081769943237
	1.741391658782959
	1.444716215133667
	1.2778198719024658
	1.1399827003479004
	1.0292164087295532
	0.9694966673851013
	0.9199609160423279
	3.2795827388763428
	2.9723169803619385
	2.8004915714263916
	2.6827688217163086
	2.598324775695801
	2.529832601547241
	2.471684217453003
	2.420943260192871
	2.3747711181640625
	2.3332269191741943
	2.2946693897247314
	2.259752035140991
	2.2265286445617676
	2.2030391693115234
	2.172290563583374
	2.1440179347991943
	2.1207292079925537
	2.095667839050293
	2.0727410316467285
	2.0504937171936035
	2.0288214683532715
	2.0081357955932617
	1.9883387088775635
	1.9690892696380615
	1.9515990018844604
	1.9327560663223267
	1.9145922660827637
	1.8973513841629028
	1.8810683488845825
	1.8656716346740723
	1.851728081703186
	1.838341236114502
	1.8262715339660645
	1.8138437271118164
	1.801790475845337
	1.7900104522705078
	1.7781981229782104
	1.7669605016708374
	1.7557556629180908
	1.744915246963501
	1.7342488765716553
	1.7233370542526245
	1.7126976251602173
	1.7023855447769165
	1.692812442779541
	1.6840999126434326
	1.6761298179626465
	1.6680189371109009
	1.6600948572158813
	1.6521739959716797
	1.6444566249847412
	1.636810064315796
	1.6298969984054565
	1.6246275901794434
	1.6169841289520264
	1.608579158782959
	1.6005675792694092
	1.594992756843567
	1.5861161947250366
	1.5767039060592651
	1.5681999921798706
	1.558767318725586
	1.5495994091033936
	1.5401263236999512
	1.530105710029602
	1.5208196640014648
	1.5042016506195068
	1.476327896118164
	1.481642246246338
	1.475891351699829
	1.470575213432312
	1.4651809930801392
	1.459743857383728
	1.4545780420303345
	1.4495686292648315
	1.4448740482330322
	1.4398524761199951
	1.435115098953247
	1.4304425716400146
	1.4258487224578857
	1.4214868545532227
	1.4171091318130493
	1.4131426811218262
	1.4089539051055908
	1.40499746799469
	1.4013772010803223
	1.3974952697753906
	1.3940949440002441
	1.3904145956039429
	1.3868229389190674
	1.383143424987793
	1.3794503211975098
	1.3756707906723022
	1.372178554534912
	1.368776559829712
	1.3650954961776733
	1.361665964126587
	1.357427954673767
	1.357389211654663
	1.3532335758209229
	1.3489933013916016
	1.3444733619689941
	1.3406999111175537
	1.3365648984909058
	1.3322657346725464

val_accuracy
	0.8360697627067566
	0.8360697627067566
	0.8360697627067566
	0.8360697627067566
	0.8360697627067566
	0.8360697627067566
	0.8360697627067566
	0.041303232312202454
	0.8360697627067566
	0.8360697627067566
	0.041303232312202454
	0.041303232312202454
	0.041303232312202454
	0.041303232312202454
	0.08491533994674683
	0.8360697627067566
	0.8360697627067566
	0.041303232312202454
	0.041303232312202454
	0.041303232312202454
	0.041303232312202454
	0.041303232312202454
	0.041303232312202454
	0.041303232312202454
	0.041303232312202454
	0.041303232312202454
	0.041303232312202454
	0.041303232312202454
	0.041303232312202454
	0.041303232312202454
	0.041303232312202454
	0.041303232312202454
	0.041303232312202454
	0.041303232312202454
	0.041303232312202454
	0.041303232312202454
	0.041303232312202454
	0.041303232312202454
	0.041303232312202454
	0.041303232312202454
	0.041303232312202454
	0.041303232312202454
	0.041303232312202454
	0.041303232312202454
	0.041303232312202454
	0.041303232312202454
	0.041303232312202454
	0.041303232312202454
	0.041303232312202454
	0.041303232312202454
	0.041303232312202454
	0.041303232312202454
	0.041303232312202454
	0.041303232312202454
	0.041303232312202454
	0.041303232312202454
	0.041303232312202454
	0.041303232312202454
	0.041303232312202454
	0.041303232312202454
	0.041303232312202454
	0.041303232312202454
	0.041303232312202454
	0.041303232312202454
	0.041303232312202454
	0.041303232312202454
	0.041303232312202454
	0.041303232312202454
	0.041303232312202454
	0.041303232312202454
	0.041303232312202454
	0.041303232312202454
	0.041303232312202454
	0.041303232312202454
	0.041303232312202454
	0.041303232312202454
	0.041303232312202454
	0.041303232312202454
	0.041303232312202454
	0.041303232312202454
	0.041303232312202454
	0.041303232312202454
	0.041303232312202454
	0.041303232312202454
	0.041303232312202454
	0.041303232312202454
	0.041303232312202454
	0.041303232312202454
	0.041303232312202454
	0.041303232312202454
	0.041303232312202454
	0.041303232312202454
	0.041303232312202454
	0.041303232312202454
	0.041303232312202454
	0.041303232312202454
	0.041303232312202454
	0.041303232312202454
	0.041303232312202454
	0.041303232312202454
	0.041303232312202454
	0.041303232312202454
	0.041303232312202454
	0.041303232312202454
	0.041303232312202454
	0.041303232312202454
	0.041303232312202454
	0.041303232312202454
	0.041303232312202454
	0.041303232312202454
	0.041303232312202454
	0.041303232312202454
	0.041303232312202454
	0.041303232312202454
	0.041303232312202454
	0.041303232312202454
	0.041303232312202454
	0.041303232312202454
	0.041303232312202454
	0.041303232312202454
	0.041303232312202454
	0.041303232312202454

