              precision    recall  f1-score   support

           1       0.89      1.00      0.94       570
           2       0.00      0.00      0.00         3
           3       1.00      0.17      0.29        24
           4       1.00      0.60      0.75        15
           5       0.00      0.00      0.00        11
           6       1.00      0.10      0.18        10
           7       0.00      0.00      0.00         3
           8       0.00      0.00      0.00         2
           9       1.00      0.43      0.60         7
          10       0.00      0.00      0.00         3
          12       0.00      0.00      0.00         3
          14       0.00      0.00      0.00         6

    accuracy                           0.89       657
   macro avg       0.41      0.19      0.23       657
weighted avg       0.86      0.89      0.85       657
