              precision    recall  f1-score   support

           1       0.72      0.99      0.83       826
           2       0.00      0.00      0.00        52
           3       0.00      0.00      0.00        74
           4       0.62      0.66      0.64       180
           5       0.74      0.80      0.76       202
           6       0.68      0.82      0.74       325
           7       0.72      0.92      0.80       277
           8       0.75      0.53      0.62       222
           9       0.62      0.31      0.42       156
          10       0.78      0.68      0.72        62
          11       1.00      0.03      0.06        31
          12       0.00      0.00      0.00        31
          13       1.00      0.26      0.41        43
          14       1.00      0.05      0.10        40
          15       0.00      0.00      0.00        13
          16       1.00      0.06      0.11        18
          17       0.00      0.00      0.00        24
          18       0.00      0.00      0.00        20
          19       0.00      0.00      0.00         8

    accuracy                           0.71      2604
   macro avg       0.51      0.32      0.33      2604
weighted avg       0.66      0.71      0.65      2604
