              precision    recall  f1-score   support

           1       0.79      1.00      0.89       143
           2       0.95      0.55      0.70        71
           3       0.90      0.93      0.92        75
           4       0.73      0.81      0.77        70
           5       1.00      0.93      0.96        44
           6       0.59      0.82      0.69        39
           7       1.00      1.00      1.00        22
           8       0.82      0.92      0.87        25
           9       0.00      0.00      0.00        13
          10       0.00      0.00      0.00        11
          11       0.78      0.88      0.82         8
          12       0.83      1.00      0.91         5
          13       1.00      0.70      0.82        10
          14       1.00      0.25      0.40         8
          15       1.00      0.67      0.80         6

    accuracy                           0.82       550
   macro avg       0.76      0.70      0.70       550
weighted avg       0.81      0.82      0.80       550
