              precision    recall  f1-score   support

           1       0.00      0.00      0.00        47
           2       0.00      0.00      0.00        35
           3       0.47      0.92      0.62       260
           4       0.53      0.63      0.57        49
           5       0.76      0.81      0.78       136
           6       0.51      0.47      0.49        74
           7       0.52      0.11      0.19       149
           8       0.67      0.09      0.15        23
           9       0.66      0.78      0.72        93
          10       0.79      0.94      0.86        49
          11       1.00      0.12      0.22        16
          12       0.94      0.77      0.85        44
          13       1.00      0.15      0.27        13
          14       1.00      0.33      0.50         6
          15       0.78      0.35      0.48        20
          16       0.00      0.00      0.00        12
          17       1.00      0.81      0.89        21
          18       0.00      0.00      0.00         8
          19       0.00      0.00      0.00         5

    accuracy                           0.58      1060
   macro avg       0.56      0.38      0.40      1060
weighted avg       0.56      0.58      0.52      1060
