              precision    recall  f1-score   support

           1       0.00      0.00      0.00        72
           2       0.65      0.94      0.76       564
           3       0.67      0.72      0.70       210
           4       0.61      0.90      0.73       283
           5       0.74      0.62      0.67       137
           6       0.53      0.10      0.17        91
           7       0.00      0.00      0.00        23
           8       1.00      0.02      0.03        61
           9       1.00      0.03      0.06        65
          10       0.76      0.76      0.76        33
          11       0.00      0.00      0.00        24
          12       0.00      0.00      0.00        11
          13       0.00      0.00      0.00        14
          14       0.00      0.00      0.00        10
          15       0.00      0.00      0.00         4
          16       1.00      0.15      0.27        13
          17       0.00      0.00      0.00         5
          18       0.00      0.00      0.00        12
          19       0.00      0.00      0.00         2

    accuracy                           0.65      1634
   macro avg       0.37      0.22      0.22      1634
weighted avg       0.61      0.65      0.57      1634
