              precision    recall  f1-score   support

           1       0.89      0.92      0.91        53
           2       0.86      0.95      0.90        63
           3       0.55      1.00      0.71         6
           5       0.25      1.00      0.40         1
           6       0.00      0.00      0.00         2
           7       0.88      0.88      0.88         8
           8       1.00      0.20      0.33         5
           9       0.00      0.00      0.00         1
          10       0.00      0.00      0.00         2
          11       0.00      0.00      0.00         3
          12       0.00      0.00      0.00         2
          13       0.00      0.00      0.00         3
          15       1.00      1.00      1.00         2

    accuracy                           0.83       151
   macro avg       0.42      0.46      0.39       151
weighted avg       0.79      0.83      0.80       151
