              precision    recall  f1-score   support

           1       0.00      0.00      0.00         5
           2       0.62      0.40      0.48        20
           3       0.53      1.00      0.69        21
           4       1.00      0.43      0.60         7
           5       0.44      1.00      0.62         4
           6       0.00      0.00      0.00         5
           7       0.50      0.91      0.65        11
           8       0.00      0.00      0.00         3
           9       0.00      0.00      0.00         2
          10       0.00      0.00      0.00         2
          11       0.88      0.70      0.78        10
          12       0.00      0.00      0.00         1
          13       1.00      1.00      1.00         6
          14       0.00      0.00      0.00         3
          16       0.00      0.00      0.00         1
          17       0.00      0.00      0.00         1

    accuracy                           0.58       102
   macro avg       0.31      0.34      0.30       102
weighted avg       0.51      0.58      0.51       102
