              precision    recall  f1-score   support

           1       0.43      1.00      0.60       102
           2       0.76      1.00      0.87        55
           3       0.78      0.74      0.76        42
           4       0.46      0.89      0.61        44
           5       0.75      0.07      0.12        45
           6       0.94      0.97      0.96        34
           7       1.00      0.06      0.12        32
           8       0.77      0.96      0.86        28
           9       1.00      0.81      0.90        27
          10       0.67      0.09      0.16        22
          11       1.00      0.38      0.55        16
          12       1.00      0.29      0.45        17
          13       0.00      0.00      0.00        14
          14       1.00      0.47      0.64        15
          15       1.00      0.13      0.24        15
          16       1.00      0.11      0.20         9
          17       0.00      0.00      0.00         7
          18       0.00      0.00      0.00         4
          19       0.00      0.00      0.00         6
          20       0.00      0.00      0.00         3
          21       0.00      0.00      0.00         7
          22       0.00      0.00      0.00         1
          23       0.00      0.00      0.00         5
          24       0.00      0.00      0.00         2
          25       0.00      0.00      0.00         3

    accuracy                           0.61       555
   macro avg       0.50      0.32      0.32       555
weighted avg       0.67      0.61      0.53       555
