              precision    recall  f1-score   support

           1       0.89      1.00      0.94       348
           2       0.78      1.00      0.88        53
           3       0.87      0.39      0.54        33
           4       0.97      0.89      0.93        37
           5       0.00      0.00      0.00        16
           6       1.00      0.86      0.92        14
           7       1.00      0.91      0.95        11
           8       1.00      1.00      1.00         6
           9       1.00      0.25      0.40        12
          10       0.00      0.00      0.00         5
          11       0.00      0.00      0.00         5

    accuracy                           0.89       540
   macro avg       0.68      0.57      0.60       540
weighted avg       0.85      0.89      0.85       540
