              precision    recall  f1-score   support

           1       0.35      0.95      0.52       123
           2       0.43      0.81      0.56       102
           3       0.82      0.37      0.51        75
           4       0.82      0.48      0.61        75
           5       0.29      0.03      0.05        70
           6       0.71      0.82      0.76        60
           7       0.61      0.45      0.52        51
           8       0.62      0.76      0.68        50
           9       0.75      0.05      0.09        60
          10       0.00      0.00      0.00        39
          11       0.00      0.00      0.00        33
          12       0.80      0.93      0.86        40
          13       1.00      0.15      0.27        26
          14       0.86      0.71      0.77        17
          15       1.00      0.79      0.88        19
          16       0.00      0.00      0.00        13
          17       1.00      0.40      0.57        10
          18       1.00      0.82      0.90        11

    accuracy                           0.53       874
   macro avg       0.61      0.47      0.48       874
weighted avg       0.56      0.53      0.47       874
