              precision    recall  f1-score   support

           1       0.49      0.89      0.64       140
           2       0.40      0.57      0.47       144
           3       0.54      0.42      0.47        98
           4       0.75      0.97      0.84        78
           5       0.70      0.84      0.76        80
           6       0.87      0.80      0.83        83
           7       0.68      0.77      0.72        69
           8       0.72      0.56      0.63        73
           9       1.00      0.41      0.58        54
          10       0.88      0.09      0.16        77
          11       0.87      0.85      0.86        46
          12       0.56      0.70      0.62        43
          13       0.84      0.74      0.79        43
          14       0.94      0.92      0.93        48
          15       1.00      0.18      0.31        49
          16       0.91      0.80      0.85        40
          17       0.96      0.71      0.81        34
          18       1.00      0.18      0.30        17
          19       1.00      0.60      0.75        15
          20       0.00      0.00      0.00         6
          21       0.00      0.00      0.00         2

    accuracy                           0.65      1239
   macro avg       0.72      0.57      0.59      1239
weighted avg       0.71      0.65      0.63      1239
