              precision    recall  f1-score   support

           1       0.59      0.98      0.74       470
           2       0.75      0.28      0.41       247
           3       0.92      0.94      0.93       178
           4       1.00      0.22      0.36        74
           5       0.90      0.73      0.81        64
           6       0.83      0.83      0.83        54
           7       0.92      0.46      0.61        48
           8       0.80      0.93      0.86        43
           9       0.92      0.36      0.52        33
          10       1.00      0.48      0.65        27
          11       0.92      0.63      0.75        19
          12       0.00      0.00      0.00        19
          13       1.00      0.07      0.12        15

    accuracy                           0.70      1291
   macro avg       0.81      0.53      0.58      1291
weighted avg       0.75      0.70      0.66      1291
