              precision    recall  f1-score   support

           1       0.85      1.00      0.92        77
           2       0.58      1.00      0.74        21
           3       0.84      1.00      0.91        21
           4       0.81      0.87      0.84        15
           5       0.80      0.86      0.83        14
           6       1.00      0.92      0.96        13
           7       0.67      0.75      0.71         8
           8       1.00      0.77      0.87        13
           9       1.00      0.33      0.50         6
          10       0.83      0.71      0.77         7
          11       0.67      1.00      0.80         6
          12       1.00      0.75      0.86         4
          13       0.00      0.00      0.00         6
          14       1.00      0.75      0.86        12
          15       0.46      0.86      0.60         7
          16       0.00      0.00      0.00         4
          17       0.50      0.67      0.57         9
          18       0.86      0.75      0.80         8
          19       0.75      0.43      0.55         7
          20       1.00      0.25      0.40         4
          21       1.00      0.67      0.80         3
          22       0.00      0.00      0.00         3
          23       0.00      0.00      0.00         3
          24       0.00      0.00      0.00         1
          25       0.00      0.00      0.00         4
          26       0.00      0.00      0.00         1
          29       0.00      0.00      0.00         1
          30       0.00      0.00      0.00         1
          32       0.00      0.00      0.00         4

    accuracy                           0.78       283
   macro avg       0.54      0.49      0.49       283
weighted avg       0.74      0.78      0.74       283
