              precision    recall  f1-score   support

           1       0.88      1.00      0.94       175
           2       0.78      0.91      0.84        34
           3       0.84      1.00      0.92        49
           4       0.58      0.95      0.72        38
           5       0.62      0.93      0.74        14
           6       1.00      0.29      0.45        17
           7       1.00      0.62      0.77         8
           8       0.82      1.00      0.90         9
           9       0.77      0.77      0.77        13
          10       0.74      0.91      0.82        22
          11       1.00      0.62      0.77        16
          12       0.00      0.00      0.00         4
          13       0.00      0.00      0.00         8
          14       1.00      0.89      0.94        18
          15       0.88      0.54      0.67        13
          16       0.00      0.00      0.00         7
          17       0.86      0.75      0.80        16
          18       0.00      0.00      0.00         2
          19       1.00      0.67      0.80         6
          20       1.00      0.80      0.89         5
          21       1.00      0.83      0.91         6
          22       0.00      0.00      0.00         1
          23       1.00      0.33      0.50         3
          24       0.00      0.00      0.00         4
          25       0.00      0.00      0.00         4
          26       0.00      0.00      0.00         3
          28       0.00      0.00      0.00         3
          29       0.00      0.00      0.00         1
          30       0.00      0.00      0.00         1
          31       0.00      0.00      0.00         2
          32       0.00      0.00      0.00         1

    accuracy                           0.82       503
   macro avg       0.51      0.45      0.46       503
weighted avg       0.78      0.82      0.78       503
