              precision    recall  f1-score   support

           1       0.81      0.99      0.89       146
           2       0.67      0.98      0.79        85
           3       0.92      1.00      0.96        35
           4       0.65      0.85      0.74        41
           5       0.63      0.95      0.76        20
           6       0.88      0.91      0.89        32
           7       0.76      0.95      0.84        20
           8       0.80      0.89      0.84        18
           9       0.76      0.84      0.80        19
          10       1.00      0.08      0.14        13
          11       0.50      0.73      0.59        11
          12       1.00      0.84      0.91        31
          13       1.00      0.37      0.54        19
          14       1.00      0.50      0.67        12
          15       0.83      0.53      0.65        19
          16       0.00      0.00      0.00        14
          17       0.50      0.20      0.29         5
          18       1.00      0.78      0.88         9
          19       1.00      0.20      0.33         5
          20       1.00      0.11      0.20         9
          21       0.00      0.00      0.00         4
          23       0.00      0.00      0.00         4
          24       0.00      0.00      0.00         6
          25       0.00      0.00      0.00         7
          26       0.00      0.00      0.00         2
          27       0.00      0.00      0.00         5
          28       0.00      0.00      0.00         2
          29       0.00      0.00      0.00         3
          30       0.00      0.00      0.00         2
          31       0.00      0.00      0.00         1
          32       0.00      0.00      0.00         4

    accuracy                           0.77       603
   macro avg       0.51      0.41      0.41       603
weighted avg       0.73      0.77      0.72       603
