              precision    recall  f1-score   support

           1       0.58      0.95      0.72       220
           2       0.72      0.95      0.82       227
           3       0.80      0.93      0.86        92
           4       0.43      0.21      0.28       110
           5       0.77      0.46      0.58        37
           6       0.75      0.15      0.25        40
           7       1.00      0.10      0.17        42
           8       0.00      0.00      0.00         2
           9       0.71      0.91      0.80        22
          10       0.00      0.00      0.00        23
          11       0.00      0.00      0.00         2
          12       0.00      0.00      0.00        16
          13       0.00      0.00      0.00        19
          14       0.00      0.00      0.00        10
          15       0.00      0.00      0.00         7
          16       0.00      0.00      0.00         7
          17       0.00      0.00      0.00         1
          18       0.00      0.00      0.00         3
          19       0.00      0.00      0.00         2
          20       0.00      0.00      0.00         3

    accuracy                           0.66       885
   macro avg       0.29      0.23      0.22       885
weighted avg       0.60      0.66      0.58       885
