              precision    recall  f1-score   support

           1       0.59      0.93      0.72       299
           2       0.59      0.95      0.73       305
           3       0.78      0.67      0.72       181
           4       0.68      0.47      0.56       138
           5       0.86      0.18      0.30       101
           6       0.79      0.56      0.65        86
           7       0.89      0.67      0.76        82
           8       1.00      0.06      0.11        53
           9       0.97      0.58      0.72        50
          10       0.85      0.79      0.81        42
          11       0.87      0.81      0.84        42
          12       1.00      0.33      0.50        12
          13       0.00      0.00      0.00        12
          14       1.00      0.06      0.11        17
          15       0.00      0.00      0.00        14
          16       0.00      0.00      0.00         7
          17       0.00      0.00      0.00         7
          18       0.00      0.00      0.00        12
          19       0.00      0.00      0.00        13

    accuracy                           0.66      1473
   macro avg       0.57      0.37      0.40      1473
weighted avg       0.69      0.66      0.62      1473
