              precision    recall  f1-score   support

           1       0.95      1.00      0.98        40
           2       0.76      0.76      0.76        37
           3       0.91      1.00      0.95        31
           4       0.74      0.83      0.78        30
           5       0.80      1.00      0.89        16
           6       0.68      1.00      0.81        13
           7       1.00      0.78      0.88        18
           8       0.91      1.00      0.95        10
           9       1.00      1.00      1.00         3
          10       1.00      0.71      0.83         7
          11       0.00      0.00      0.00         5
          12       1.00      0.50      0.67         4
          13       0.00      0.00      0.00         3
          14       0.00      0.00      0.00         1
          15       0.00      0.00      0.00         1
          16       0.00      0.00      0.00         1
          17       0.00      0.00      0.00         1

    accuracy                           0.85       221
   macro avg       0.57      0.56      0.56       221
weighted avg       0.81      0.85      0.82       221
