              precision    recall  f1-score   support

         1.0       0.95      0.99      0.97       148
         2.0       0.65      0.85      0.73        65
         3.0       1.00      0.43      0.60         7
         4.0       0.81      0.42      0.55        53
         5.0       0.00      0.00      0.00         4
         6.0       0.71      0.71      0.71        98
         7.0       0.67      0.95      0.79       154
         8.0       0.00      0.00      0.00         5
         9.0       0.73      0.43      0.54        37
        10.0       0.86      0.86      0.86        28
        11.0       1.00      0.80      0.89        15
        12.0       1.00      0.33      0.50         6
        13.0       0.86      0.86      0.86        29
        14.0       1.00      0.62      0.77        16
        15.0       0.60      0.10      0.17        31
        16.0       0.65      0.87      0.74        61
        17.0       0.72      0.91      0.80        53
        18.0       0.69      0.51      0.59        35
        19.0       0.86      0.67      0.76        55
        20.0       0.00      0.00      0.00         5
        21.0       1.00      0.17      0.29         6
        22.0       0.00      0.00      0.00         4

    accuracy                           0.76       915
   macro avg       0.67      0.52      0.55       915
weighted avg       0.76      0.76      0.73       915
