              precision    recall  f1-score   support

           1       0.44      0.98      0.60       167
           2       0.68      0.22      0.33        78
           3       0.84      1.00      0.92        87
           4       0.61      0.65      0.63        54
           5       0.80      0.75      0.77        68
           6       0.80      0.29      0.42        42
           7       0.90      0.76      0.83        25
           8       0.00      0.00      0.00        20
           9       0.00      0.00      0.00        18
          10       0.00      0.00      0.00        11
          11       1.00      0.93      0.97        15
          12       0.00      0.00      0.00         9
          13       0.00      0.00      0.00        19
          14       0.00      0.00      0.00        14
          15       0.00      0.00      0.00         7
          16       0.00      0.00      0.00         6
          17       0.00      0.00      0.00         6
          18       0.00      0.00      0.00         9
          19       1.00      0.33      0.50         6
          20       1.00      0.25      0.40         4
          21       0.00      0.00      0.00         3
          22       0.00      0.00      0.00         3
          23       0.00      0.00      0.00         2
          24       0.00      0.00      0.00         6

    accuracy                           0.59       679
   macro avg       0.34      0.26      0.27       679
weighted avg       0.54      0.59      0.52       679
