              precision    recall  f1-score   support

           1       0.58      1.00      0.73       279
           2       0.86      0.79      0.82        53
           3       0.00      0.00      0.00        24
           4       0.00      0.00      0.00        13
           5       0.39      0.50      0.44        40
           6       0.00      0.00      0.00        18
           7       0.84      0.34      0.48        47
           8       1.00      0.08      0.14        13
           9       1.00      0.06      0.11        34
          10       1.00      0.31      0.47        13
          11       0.75      0.30      0.43        10
          12       0.67      0.25      0.36        16
          13       0.00      0.00      0.00         8
          14       0.00      0.00      0.00        11
          15       0.00      0.00      0.00         2
          16       0.00      0.00      0.00         3
          17       0.00      0.00      0.00         5
          18       0.00      0.00      0.00         9
          19       0.00      0.00      0.00         1
          20       0.00      0.00      0.00         1
          21       0.00      0.00      0.00         7
          22       0.00      0.00      0.00         5
          23       0.00      0.00      0.00         1
          24       0.00      0.00      0.00         1
          25       0.00      0.00      0.00         3

    accuracy                           0.60       617
   macro avg       0.28      0.15      0.16       617
weighted avg       0.55      0.60      0.50       617
