              precision    recall  f1-score   support

           1       0.57      0.99      0.72       157
           2       0.62      0.87      0.72       101
           3       0.82      0.99      0.90       127
           4       0.67      0.32      0.43        50
           5       0.00      0.00      0.00         1
           6       0.78      0.78      0.78        45
           7       0.93      0.64      0.76        42
           8       1.00      0.30      0.47        23
           9       0.00      0.00      0.00         4
          10       1.00      0.83      0.91        35
          11       1.00      0.33      0.50        12
          12       1.00      0.91      0.95        23
          13       0.80      0.95      0.87        21
          14       0.00      0.00      0.00        13
          15       1.00      0.50      0.67        12
          16       1.00      0.50      0.67        14
          17       1.00      0.10      0.18        20
          18       0.93      0.56      0.70        25
          19       1.00      1.00      1.00        12
          20       1.00      0.69      0.82        13
          21       0.00      0.00      0.00         4
          22       0.00      0.00      0.00        15
          23       1.00      0.17      0.29        12
          24       1.00      0.27      0.43        11
          25       0.00      0.00      0.00         6
          26       0.00      0.00      0.00         9
          27       0.00      0.00      0.00         2

    accuracy                           0.72       809
   macro avg       0.63      0.43      0.47       809
weighted avg       0.73      0.72      0.68       809
