              precision    recall  f1-score   support

           1       0.74      1.00      0.85       482
           2       1.00      0.22      0.36        88
           3       0.00      0.00      0.00        28
           4       0.73      0.75      0.74        40
           5       0.00      0.00      0.00         1
           6       1.00      0.50      0.67        26
           7       1.00      0.15      0.26        20
           8       0.00      0.00      0.00         5
           9       1.00      0.20      0.33        10
          10       0.00      0.00      0.00         5
          11       0.00      0.00      0.00         8
          12       0.00      0.00      0.00         4
          13       0.00      0.00      0.00         1
          14       0.00      0.00      0.00         6

    accuracy                           0.76       724
   macro avg       0.39      0.20      0.23       724
weighted avg       0.73      0.76      0.69       724
