              precision    recall  f1-score   support

           1       0.64      0.93      0.76       228
           2       0.65      0.97      0.78       185
           3       0.84      0.90      0.87        63
           4       0.90      0.95      0.93        59
           5       1.00      0.20      0.34        59
           6       1.00      0.38      0.56        39
           7       1.00      0.21      0.35        28
           8       0.00      0.00      0.00        32
           9       0.94      0.73      0.82        22
          10       0.00      0.00      0.00        14
          11       0.00      0.00      0.00        13
          12       0.00      0.00      0.00        10
          13       1.00      0.12      0.22         8
          14       0.00      0.00      0.00         8
          15       0.00      0.00      0.00         6
          16       0.00      0.00      0.00         7
          17       0.00      0.00      0.00         6
          18       0.00      0.00      0.00         3

    accuracy                           0.70       790
   macro avg       0.44      0.30      0.31       790
weighted avg       0.67      0.70      0.63       790
