              precision    recall  f1-score   support

           1       0.00      0.00      0.00         5
           2       0.62      1.00      0.77        30
           3       0.00      0.00      0.00         1
           5       0.61      1.00      0.76        44
           6       1.00      0.33      0.50         3
           7       0.00      0.00      0.00         4
           8       0.00      0.00      0.00         1
           9       0.72      1.00      0.84        21
          11       0.80      0.29      0.42        14
          12       0.00      0.00      0.00         2
          14       0.00      0.00      0.00         1
          15       1.00      0.33      0.50         3
          16       0.00      0.00      0.00         3
          18       0.00      0.00      0.00         5
          19       1.00      0.43      0.60         7
          20       0.00      0.00      0.00         1
          21       1.00      0.43      0.60        14
          22       0.00      0.00      0.00         2
          24       0.00      0.00      0.00         1
          26       1.00      0.25      0.40         4

    accuracy                           0.67       166
   macro avg       0.39      0.25      0.27       166
weighted avg       0.62      0.67      0.59       166
