              precision    recall  f1-score   support

           1       0.66      1.00      0.80       561
           2       1.00      0.01      0.03       135
           3       0.00      0.00      0.00        65
           4       0.00      0.00      0.00        14
           5       0.95      0.54      0.69        37
           6       0.00      0.00      0.00         5
           7       0.00      0.00      0.00        15
           8       1.00      0.12      0.22         8
           9       0.00      0.00      0.00         7
          10       0.00      0.00      0.00         8
          11       0.00      0.00      0.00         6
          13       0.00      0.00      0.00         8
          14       0.00      0.00      0.00         1

    accuracy                           0.67       870
   macro avg       0.28      0.13      0.13       870
weighted avg       0.63      0.67      0.55       870
