              precision    recall  f1-score   support

           1       0.00      0.00      0.00         2
           2       0.88      1.00      0.94        23
           3       0.35      0.92      0.51        79
           4       1.00      0.07      0.14        40
           5       1.00      0.18      0.31        44
           6       0.00      0.00      0.00        21
           7       0.60      0.93      0.73        29
           8       0.75      0.56      0.64        43
           9       0.00      0.00      0.00        13
          10       0.57      0.57      0.57         7
          11       0.60      1.00      0.75        18
          12       1.00      0.91      0.95        11
          13       1.00      0.52      0.69        21
          14       0.00      0.00      0.00         1
          15       0.67      1.00      0.80         4
          16       0.00      0.00      0.00         5
          17       1.00      1.00      1.00         5
          18       1.00      0.60      0.75         5
          19       0.00      0.00      0.00         8
          20       0.00      0.00      0.00         4
          21       0.00      0.00      0.00         1
          22       0.00      0.00      0.00         1
          23       0.00      0.00      0.00         3
          25       0.00      0.00      0.00         5

    accuracy                           0.54       393
   macro avg       0.43      0.39      0.37       393
weighted avg       0.61      0.54      0.47       393
