              precision    recall  f1-score   support

           1       0.00      0.00      0.00         1
           2       0.76      1.00      0.87        52
           3       0.00      0.00      0.00         7
           4       0.57      1.00      0.72        60
           5       0.00      0.00      0.00         2
           6       0.74      0.73      0.74        44
           7       1.00      0.80      0.89        10
           8       0.00      0.00      0.00         8
           9       1.00      0.12      0.22         8
          10       0.73      0.46      0.56        24
          11       0.00      0.00      0.00         2
          12       0.00      0.00      0.00         3
          13       1.00      0.11      0.20         9
          14       1.00      0.50      0.67         4
          15       0.00      0.00      0.00         1
          16       0.00      0.00      0.00         2
          18       0.00      0.00      0.00         2
          19       0.00      0.00      0.00         1
          20       0.00      0.00      0.00         1
          21       0.00      0.00      0.00         1
          24       0.00      0.00      0.00         2

    accuracy                           0.68       244
   macro avg       0.32      0.22      0.23       244
weighted avg       0.64      0.68      0.61       244
