              precision    recall  f1-score   support

           1       0.54      0.70      0.61        44
           2       0.51      0.98      0.67        83
           3       0.70      0.93      0.80        80
           4       1.00      0.86      0.92        21
           5       0.98      0.85      0.91        60
           6       0.79      0.79      0.79        48
           7       0.00      0.00      0.00        20
           8       1.00      0.08      0.15        25
           9       0.86      0.26      0.40        23
          10       1.00      0.03      0.06        31
          11       1.00      0.80      0.89        20
          12       1.00      0.87      0.93        15
          13       1.00      0.29      0.45        17

    accuracy                           0.69       487
   macro avg       0.80      0.57      0.58       487
weighted avg       0.75      0.69      0.64       487
