              precision    recall  f1-score   support

           1       0.42      0.99      0.59        81
           2       0.00      0.00      0.00        21
           3       1.00      0.17      0.29         6
           4       0.67      0.98      0.80        59
           5       0.81      0.98      0.88        51
           6       0.90      0.38      0.54        47
           7       1.00      0.11      0.20        36
           8       1.00      0.16      0.28        25
           9       1.00      0.04      0.08        25
          10       1.00      0.33      0.50         9
          11       1.00      0.58      0.74        12
          12       0.00      0.00      0.00         3
          13       0.00      0.00      0.00         4
          14       0.40      0.25      0.31         8

    accuracy                           0.59       387
   macro avg       0.66      0.36      0.37       387
weighted avg       0.71      0.59      0.51       387
