              precision    recall  f1-score   support

           1       0.69      0.99      0.81       142
           2       0.77      0.99      0.87       123
           3       0.66      0.99      0.79       102
           4       0.94      0.98      0.96        64
           5       0.93      0.96      0.95        45
           6       1.00      0.98      0.99        47
           7       0.95      0.44      0.61        45
           8       0.00      0.00      0.00        29
           9       0.88      0.47      0.61        30
          10       1.00      0.53      0.70        15
          11       0.00      0.00      0.00        23
          12       0.00      0.00      0.00        14
          13       1.00      0.12      0.22         8
          14       0.50      0.25      0.33         4
          15       0.00      0.00      0.00         3
          16       0.00      0.00      0.00         8
          17       0.00      0.00      0.00         5
          18       0.00      0.00      0.00         2
          19       0.00      0.00      0.00         1
          20       0.00      0.00      0.00         6
          21       0.00      0.00      0.00         1
          22       0.00      0.00      0.00         5

    accuracy                           0.77       722
   macro avg       0.42      0.35      0.36       722
weighted avg       0.70      0.77      0.71       722
