              precision    recall  f1-score   support

           2       0.00      0.00      0.00         1
           3       0.00      0.00      0.00         1
           7       1.00      1.00      1.00         2
           8       0.00      0.00      0.00         2
          13       0.91      1.00      0.95        29
          15       0.93      0.93      0.93        14
          20       0.89      1.00      0.94         8

    accuracy                           0.91        57
   macro avg       0.53      0.56      0.55        57
weighted avg       0.85      0.91      0.88        57
