              precision    recall  f1-score   support

           1       0.81      1.00      0.89        55
           2       1.00      0.14      0.25         7
           3       0.78      1.00      0.88        42
           4       0.54      0.98      0.70        52
           5       0.84      1.00      0.91        26
           6       0.85      0.92      0.88        25
           7       1.00      0.94      0.97        18
           8       0.70      0.84      0.76        31
           9       0.93      0.67      0.78        21
          11       0.75      0.50      0.60         6
          12       0.00      0.00      0.00         1
          13       1.00      1.00      1.00         4
          14       0.00      0.00      0.00         2
          16       0.92      0.79      0.85        14
          17       1.00      0.17      0.29         6
          18       1.00      0.17      0.29         6
          19       1.00      0.62      0.77         8
          20       0.00      0.00      0.00         9
          21       1.00      0.50      0.67         6
          22       0.00      0.00      0.00         1
          23       0.00      0.00      0.00         2
          24       0.00      0.00      0.00         6
          25       0.00      0.00      0.00         5
          26       0.00      0.00      0.00         9
          27       0.00      0.00      0.00        11
          28       1.00      0.50      0.67         2

    accuracy                           0.76       375
   macro avg       0.58      0.45      0.47       375
weighted avg       0.70      0.76      0.70       375
