              precision    recall  f1-score   support

           1       0.67      0.57      0.62         7
           2       0.00      0.00      0.00         2
           3       0.62      1.00      0.77        28
           4       0.00      0.00      0.00         1
           7       0.00      0.00      0.00         3
           8       0.73      0.92      0.81        12
           9       1.00      0.29      0.45        17
          12       0.00      0.00      0.00         1

    accuracy                           0.68        71
   macro avg       0.38      0.35      0.33        71
weighted avg       0.67      0.68      0.61        71
