              precision    recall  f1-score   support

           1       0.87      1.00      0.93        76
           2       0.73      0.96      0.83        85
           3       0.82      1.00      0.90        41
           4       0.00      0.00      0.00         4
           5       0.84      0.60      0.70        35
           6       1.00      0.53      0.70        30
           7       0.65      0.96      0.77        25
           8       0.43      0.38      0.40         8
           9       0.87      0.81      0.84        16
          10       0.70      0.74      0.72        35
          11       0.85      0.94      0.89        31
          12       1.00      1.00      1.00        27
          13       1.00      0.89      0.94        18
          14       0.96      1.00      0.98        25
          15       1.00      0.23      0.38        13
          16       0.00      0.00      0.00         1
          17       0.00      0.00      0.00         5
          19       1.00      0.40      0.57         5
          20       0.00      0.00      0.00         1
          22       0.00      0.00      0.00         4
          23       0.00      0.00      0.00         4
          25       0.00      0.00      0.00         3
          27       0.00      0.00      0.00         1
          28       0.00      0.00      0.00         2

    accuracy                           0.82       495
   macro avg       0.53      0.48      0.48       495
weighted avg       0.79      0.82      0.79       495
