              precision    recall  f1-score   support

           1       0.75      1.00      0.86         6
           2       0.00      0.00      0.00         4
           3       0.88      0.74      0.80        19
           4       0.79      0.95      0.86        97
           5       0.77      0.83      0.80        96
           6       0.83      0.80      0.82        91
           7       0.00      0.00      0.00         1
           8       0.00      0.00      0.00         2
           9       0.00      0.00      0.00         2
          10       0.80      0.90      0.84        48
          11       0.75      1.00      0.86        36
          12       0.76      0.76      0.76        29
          14       1.00      1.00      1.00        19
          16       0.91      0.53      0.67        19
          17       1.00      0.09      0.17        11
          18       0.00      0.00      0.00        10
          19       0.00      0.00      0.00         4

    accuracy                           0.80       494
   macro avg       0.54      0.51      0.50       494
weighted avg       0.77      0.80      0.77       494
