              precision    recall  f1-score   support

           1       0.72      1.00      0.84        89
           2       0.00      0.00      0.00        10
           3       1.00      0.40      0.57         5
           4       0.00      0.00      0.00         1
           5       0.00      0.00      0.00         1
           7       1.00      0.58      0.74        12
           8       0.00      0.00      0.00         9
           9       0.00      0.00      0.00         2
          19       0.00      0.00      0.00         3

    accuracy                           0.74       132
   macro avg       0.30      0.22      0.24       132
weighted avg       0.62      0.74      0.65       132
