              precision    recall  f1-score   support

           1       0.80      0.98      0.88       162
           2       0.90      0.97      0.94       198
           3       0.87      0.96      0.91       135
           4       0.00      0.00      0.00         5
           5       0.00      0.00      0.00         2
           7       0.87      0.93      0.90        67
           8       1.00      0.20      0.33        41
           9       1.00      0.08      0.14        26
          11       0.00      0.00      0.00         1
          17       0.00      0.00      0.00         1
          21       0.00      0.00      0.00         3

    accuracy                           0.86       641
   macro avg       0.49      0.37      0.37       641
weighted avg       0.86      0.86      0.82       641
