              precision    recall  f1-score   support

           1       0.83      0.99      0.90       215
           2       0.90      0.94      0.92       128
           3       0.00      0.00      0.00        14
           4       0.00      0.00      0.00        15
           5       1.00      0.30      0.46        10
           6       0.00      0.00      0.00         3
           7       1.00      0.67      0.80         3
           8       0.00      0.00      0.00         3
           9       0.00      0.00      0.00         3

    accuracy                           0.86       394
   macro avg       0.41      0.32      0.34       394
weighted avg       0.78      0.86      0.81       394
