              precision    recall  f1-score   support

           1       0.44      0.67      0.53        85
           2       0.45      0.52      0.48        63
           3       0.85      0.84      0.84        61
           4       0.79      0.94      0.86        49
           5       0.58      0.97      0.73        38
           6       0.00      0.00      0.00        36
           7       0.95      0.56      0.71        32
           8       0.83      0.68      0.75        28
           9       0.79      0.75      0.77        20
          10       1.00      1.00      1.00        19
          11       0.00      0.00      0.00         9
          12       1.00      0.64      0.78        11
          13       1.00      0.75      0.86         8
          14       0.00      0.00      0.00         8
          15       0.00      0.00      0.00         2
          16       0.00      0.00      0.00         4
          17       0.00      0.00      0.00         5

    accuracy                           0.64       478
   macro avg       0.51      0.49      0.49       478
weighted avg       0.60      0.64      0.61       478
