              precision    recall  f1-score   support

           1       0.55      1.00      0.71       438
           2       0.85      0.11      0.19       207
           3       0.90      0.37      0.52        76
           4       0.00      0.00      0.00        46
           5       1.00      0.02      0.03        65
           6       0.00      0.00      0.00        15
           7       0.00      0.00      0.00         2
           8       0.00      0.00      0.00         9

    accuracy                           0.57       858
   macro avg       0.41      0.19      0.18       858
weighted avg       0.64      0.57      0.45       858
