              precision    recall  f1-score   support

           1       0.61      0.88      0.72       110
           3       0.73      0.76      0.75        91
           4       0.00      0.00      0.00         3
           5       0.97      0.59      0.73        56
           6       0.80      1.00      0.89        16
           7       0.00      0.00      0.00         1
           8       0.97      0.90      0.94        42
           9       0.89      1.00      0.94        34
          10       0.94      0.83      0.88        18
          11       0.00      0.00      0.00        12
          12       1.00      0.67      0.80        12
          13       0.00      0.00      0.00         4
          16       0.00      0.00      0.00         2
          17       0.00      0.00      0.00         1
          18       0.00      0.00      0.00         2
          19       0.00      0.00      0.00         3

    accuracy                           0.76       407
   macro avg       0.43      0.41      0.42       407
weighted avg       0.74      0.76      0.74       407
