              precision    recall  f1-score   support

           1       0.00      0.00      0.00         1
           2       0.79      0.99      0.88       107
           3       0.00      0.00      0.00         1
           4       0.82      0.88      0.85        96
           5       0.00      0.00      0.00         1
           6       0.79      1.00      0.88        26
           7       0.91      0.98      0.94        50
           8       0.00      0.00      0.00         2
           9       1.00      0.57      0.73         7
          10       1.00      0.42      0.59        12
          12       0.00      0.00      0.00         1
          13       0.00      0.00      0.00        10
          14       0.86      1.00      0.92         6
          15       1.00      0.12      0.22         8
          16       0.00      0.00      0.00         4
          17       0.00      0.00      0.00         6
          18       0.00      0.00      0.00         3

    accuracy                           0.82       341
   macro avg       0.42      0.35      0.35       341
weighted avg       0.77      0.82      0.78       341
