BoneMarrowcKit_2.csv
the number of observations: 13019
the number of features: 20599
the number of targets: 19
loss
	4.803842544555664
	3.2220168113708496
	2.939300775527954
	2.8612678050994873
	2.782512903213501
	2.7068400382995605
	2.6825144290924072
	2.66524338722229
	2.6159799098968506
	2.5958683490753174
	2.5801684856414795
	2.701505661010742
	2.6532862186431885
	2.6274256706237793
	2.610865592956543
	2.5761470794677734
	2.6141693592071533
	2.574335813522339
	2.5565624237060547
	2.5504150390625
	2.532195568084717
	2.5443177223205566
	2.523522138595581
	2.5195343494415283
	2.5172388553619385
	2.4974234104156494
	2.496199607849121
	2.493421792984009
	2.477869987487793
	2.5073978900909424
	2.475940704345703
	2.478705883026123
	2.478454351425171
	2.466679573059082
	2.4682796001434326
	2.4528796672821045
	2.457815647125244
	2.445727586746216
	2.465437412261963
	2.445754051208496
	2.4485676288604736
	2.4541478157043457
	2.4461300373077393
	2.4366157054901123
	2.446303367614746
	2.4279086589813232
	2.4417123794555664
	2.4273383617401123
	2.435488700866699
	2.445255756378174
	2.446157932281494
	2.4137818813323975
	2.432826280593872
	2.422606945037842
	2.4471070766448975
	2.446420192718506
	2.4420502185821533
	2.4211511611938477
	2.4197535514831543
	2.4499776363372803
	2.427231788635254
	2.4229977130889893
	2.4257097244262695
	2.4161951541900635
	2.4186618328094482
	2.4133434295654297
	2.4188640117645264
	2.410590410232544
	2.393014907836914
	2.410386085510254
	2.4024176597595215
	2.402700662612915
	2.3995726108551025
	2.389725685119629
	2.4001011848449707
	2.39044451713562
	2.374878168106079
	2.3992841243743896
	2.3991498947143555
	2.3779613971710205
	2.3819572925567627
	2.3973424434661865

accuracy
	0.08967834711074829
	0.11377820372581482
	0.15276044607162476
	0.18511761724948883
	0.2141142636537552
	0.23427748680114746
	0.2570331394672394
	0.2664426267147064
	0.2714354395866394
	0.27566009759902954
	0.27633219957351685
	0.1865578442811966
	0.210465669631958
	0.2321651428937912
	0.2385021597146988
	0.2505040764808655
	0.2570331394672394
	0.26365819573402405
	0.2707633078098297
	0.27738839387893677
	0.2852616310119629
	0.2886221706867218
	0.2913106083869934
	0.2946711480617523
	0.2969755232334137
	0.2986077666282654
	0.30254441499710083
	0.3001440167427063
	0.30542486906051636
	0.3058089315891266
	0.3071531355381012
	0.3071531355381012
	0.3073451817035675
	0.3088814318180084
	0.3105136752128601
	0.30811330676078796
	0.3113778233528137
	0.3093614876270294
	0.3114738464355469
	0.3121459484100342
	0.31156983971595764
	0.3132021129131317
	0.31329813599586487
	0.31156983971595764
	0.3130100667476654
	0.3140662610530853
	0.31243398785591125
	0.3136821985244751
	0.31445032358169556
	0.31512242555618286
	0.3134901523590088
	0.31377819180488586
	0.3134901523590088
	0.315218448638916
	0.3145463168621063
	0.31425827741622925
	0.3136821985244751
	0.31493037939071655
	0.31445032358169556
	0.3145463168621063
	0.31445032358169556
	0.3153144419193268
	0.31473836302757263
	0.3141622543334961
	0.3145463168621063
	0.3146423399448395
	0.3145463168621063
	0.3150264024734497
	0.31541046500205994
	0.3146423399448395
	0.31512242555618286
	0.3153144419193268
	0.315218448638916
	0.31493037939071655
	0.3150264024734497
	0.3150264024734497
	0.31512242555618286
	0.31541046500205994
	0.315698504447937
	0.3153144419193268
	0.31579452753067017
	0.31358617544174194

val_loss
	2.8687283992767334
	2.621929407119751
	2.540767192840576
	2.5095949172973633
	2.483039617538452
	2.4519400596618652
	2.4338419437408447
	2.414862871170044
	2.430131673812866
	2.4218363761901855
	2.5492563247680664
	2.523890256881714
	2.4984004497528076
	2.479909896850586
	2.455819845199585
	2.437307834625244
	2.4247026443481445
	2.424508810043335
	2.4073808193206787
	2.3991146087646484
	2.40167236328125
	2.3937246799468994
	2.3844821453094482
	2.389979124069214
	2.3793210983276367
	2.3735814094543457
	2.3659067153930664
	2.361797571182251
	2.356111764907837
	2.364539861679077
	2.3601279258728027
	2.361363410949707
	2.363062858581543
	2.373150587081909
	2.3846020698547363
	2.376103401184082
	2.366326332092285
	2.358940839767456
	2.3566513061523438
	2.373322010040283
	2.364527463912964
	2.3598175048828125
	2.3514766693115234
	2.3446707725524902
	2.3479580879211426
	2.341867685317993
	2.355672597885132
	2.348782539367676
	2.3419740200042725
	2.3374643325805664
	2.3335659503936768
	2.3410139083862305
	2.33453106880188
	2.360623359680176
	2.390312671661377
	2.3806753158569336
	2.372899293899536
	2.3639347553253174
	2.37214994430542
	2.365753650665283
	2.358694314956665
	2.3545289039611816
	2.351855516433716
	2.3521840572357178
	2.344912052154541
	2.3502228260040283
	2.3456685543060303
	2.340749740600586
	2.334329128265381
	2.335549831390381
	2.3306283950805664
	2.3291282653808594
	2.3247570991516113
	2.322565793991089
	2.3197855949401855
	2.313410997390747
	2.308713674545288
	2.3057541847229004
	2.311464786529541
	2.306833028793335
	2.3031532764434814
	2.3369293212890625

val_accuracy
	0.10637480765581131
	0.10637480765581131
	0.10637480765581131
	0.24116744101047516
	0.3172042965888977
	0.3172042965888977
	0.3172042965888977
	0.3172042965888977
	0.3172042965888977
	0.3172042965888977
	0.3172042965888977
	0.3172042965888977
	0.3172042965888977
	0.3172042965888977
	0.3172042965888977
	0.3172042965888977
	0.3172042965888977
	0.3172042965888977
	0.3172042965888977
	0.3172042965888977
	0.3172042965888977
	0.3172042965888977
	0.3172042965888977
	0.3172042965888977
	0.3172042965888977
	0.3172042965888977
	0.3172042965888977
	0.3172042965888977
	0.3172042965888977
	0.3172042965888977
	0.3172042965888977
	0.3172042965888977
	0.3172042965888977
	0.3172042965888977
	0.3172042965888977
	0.3172042965888977
	0.3172042965888977
	0.3172042965888977
	0.3172042965888977
	0.3172042965888977
	0.3172042965888977
	0.3172042965888977
	0.3172042965888977
	0.3172042965888977
	0.3172042965888977
	0.3172042965888977
	0.3172042965888977
	0.3172042965888977
	0.3172042965888977
	0.3172042965888977
	0.3172042965888977
	0.3172042965888977
	0.3172042965888977
	0.3172042965888977
	0.3172042965888977
	0.3172042965888977
	0.3172042965888977
	0.3172042965888977
	0.3172042965888977
	0.3172042965888977
	0.3172042965888977
	0.3172042965888977
	0.3172042965888977
	0.3172042965888977
	0.3172042965888977
	0.3172042965888977
	0.3172042965888977
	0.3172042965888977
	0.3172042965888977
	0.3172042965888977
	0.3172042965888977
	0.3172042965888977
	0.3172042965888977
	0.3172042965888977
	0.3172042965888977
	0.3172042965888977
	0.3172042965888977
	0.3172042965888977
	0.3172042965888977
	0.3172042965888977
	0.3172042965888977
	0.3172042965888977

