BoneMarrowcKit_2.csv
the number of observations: 13019
the number of features: 20599
the number of targets: 19
loss
	nan
	5.780950546264648
	4.967980861663818
	4.436625003814697
	4.1173906326293945
	3.9046053886413574
	3.713467597961426
	3.634489059448242
	3.5816187858581543
	3.4241130352020264
	3.428349256515503
	3.3567965030670166
	3.2907462120056152
	3.2739956378936768
	3.242009401321411
	3.1995151042938232
	3.1961729526519775
	3.1582205295562744
	3.146639108657837
	3.137538194656372
	3.1121318340301514
	3.137591600418091
	3.1000194549560547
	3.063184976577759
	3.053205728530884
	3.062985420227051
	3.0126752853393555
	2.9677181243896484
	2.9997799396514893
	2.9462778568267822
	2.924375295639038
	2.918377637863159
	2.908212423324585
	2.8645811080932617
	2.864842176437378
	2.85197377204895
	2.821685791015625
	2.8084425926208496
	2.8748369216918945
	2.844804286956787
	2.8021953105926514
	2.8118436336517334
	2.7975685596466064
	2.7841179370880127
	2.793729543685913
	2.7805442810058594
	2.740774393081665
	2.7598717212677
	2.7643392086029053
	2.782475233078003
	2.76509165763855
	2.7616379261016846
	2.722027540206909
	2.7396366596221924
	2.719581127166748
	2.7211716175079346
	2.7258193492889404
	2.6936678886413574
	2.702969551086426
	2.712432861328125
	2.68530535697937
	2.6786012649536133
	2.69712233543396
	2.682701587677002
	2.669447660446167
	2.643178701400757
	2.6377804279327393
	2.6632912158966064
	2.6467819213867188
	2.6435546875
	2.6408207416534424
	2.6422078609466553
	2.6102230548858643
	2.6321959495544434
	2.6188814640045166
	2.6146602630615234
	2.593618631362915
	2.6048004627227783
	2.613645315170288
	2.6286184787750244
	2.6237294673919678
	2.6102943420410156

accuracy
	0.10964954644441605
	0.14584733545780182
	0.15621699392795563
	0.14575132727622986
	0.1481517106294632
	0.13759002089500427
	0.14258281886577606
	0.1474795937538147
	0.12990878522396088
	0.13154104351997375
	0.13365338742733002
	0.1368218958377838
	0.1386461853981018
	0.13518963754177094
	0.1416226625442505
	0.12904465198516846
	0.13038885593414307
	0.12549208104610443
	0.12798847258090973
	0.135477676987648
	0.1302928477525711
	0.12520402669906616
	0.13221316039562225
	0.14056649804115295
	0.13566970825195312
	0.13250119984149933
	0.13816609978675842
	0.14891982078552246
	0.1456553041934967
	0.14651943743228912
	0.14671146869659424
	0.1483437418937683
	0.15343254804611206
	0.15631301701068878
	0.15669706463813782
	0.15170426666736603
	0.16063369810581207
	0.15564090013504028
	0.1481517106294632
	0.15304848551750183
	0.15612098574638367
	0.1591934710741043
	0.1578492522239685
	0.16706673800945282
	0.1591934710741043
	0.16130581498146057
	0.16120979189872742
	0.1608257293701172
	0.16207392513751984
	0.16476236283779144
	0.16149784624576569
	0.1596735417842865
	0.16821891069412231
	0.1637061983346939
	0.17013922333717346
	0.1666826754808426
	0.16745078563690186
	0.16956312954425812
	0.17081132531166077
	0.171195387840271
	0.17417186498641968
	0.17407585680484772
	0.17551608383655548
	0.1820451319217682
	0.1885741651058197
	0.18098895251750946
	0.19164666533470154
	0.18799808621406555
	0.1829092651605606
	0.19068650901317596
	0.1912626028060913
	0.1899183839559555
	0.1982717216014862
	0.19395102560520172
	0.19615939259529114
	0.19817571341991425
	0.19385501742362976
	0.1757081151008606
	0.1763802170753479
	0.18185310065746307
	0.1802208423614502
	0.18348535895347595

val_loss
	3.9600937366485596
	4.418493270874023
	3.293818950653076
	3.209928035736084
	2.8483083248138428
	2.706669330596924
	2.694716691970825
	2.6929168701171875
	4.922093391418457
	4.520281791687012
	4.484851837158203
	4.451539039611816
	4.425184726715088
	4.393780708312988
	4.373222351074219
	4.36497163772583
	4.177083969116211
	4.101315021514893
	3.9520370960235596
	3.888658046722412
	4.485649585723877
	4.4819254875183105
	4.458454608917236
	4.383577823638916
	4.296733856201172
	4.25127649307251
	4.234748363494873
	4.186896800994873
	4.096896171569824
	4.080954551696777
	4.07191276550293
	4.062131404876709
	4.050082206726074
	4.042533874511719
	4.037113666534424
	4.006851673126221
	3.9909424781799316
	3.9350337982177734
	3.9261224269866943
	3.9183666706085205
	3.909682512283325
	3.904315233230591
	3.895632028579712
	3.888821601867676
	3.8814477920532227
	3.875258445739746
	3.8690884113311768
	3.863086223602295
	3.8567967414855957
	3.8512380123138428
	3.844907760620117
	3.755375862121582
	3.750535488128662
	3.75126576423645
	3.742128610610962
	3.7408344745635986
	3.7427237033843994
	3.739521026611328
	3.7340855598449707
	3.7265822887420654
	3.7195258140563965
	3.7164852619171143
	3.7118046283721924
	3.7111942768096924
	3.706402063369751
	3.705540180206299
	3.702230215072632
	3.694247007369995
	3.691419839859009
	3.6871869564056396
	3.682199478149414
	3.6779136657714844
	3.6753029823303223
	3.672442674636841
	3.669377326965332
	3.6661243438720703
	3.6653060913085938
	3.6625523567199707
	3.658889055252075
	3.6560001373291016
	3.650254011154175
	3.647279739379883

val_accuracy
	0.3172042965888977
	0.12557603418827057
	0.24692779779434204
	0.2519201338291168
	0.33102917671203613
	0.3536866307258606
	0.3970814049243927
	0.3817204236984253
	0.019969278946518898
	0.019969278946518898
	0.019969278946518898
	0.019969278946518898
	0.019969278946518898
	0.019969278946518898
	0.019969278946518898
	0.019969278946518898
	0.019969278946518898
	0.019969278946518898
	0.019969278946518898
	0.019969278946518898
	0.02380952425301075
	0.02380952425301075
	0.02380952425301075
	0.02380952425301075
	0.02380952425301075
	0.02380952425301075
	0.02380952425301075
	0.02380952425301075
	0.02380952425301075
	0.02380952425301075
	0.02380952425301075
	0.02380952425301075
	0.02380952425301075
	0.02380952425301075
	0.02380952425301075
	0.02380952425301075
	0.02380952425301075
	0.02380952425301075
	0.02380952425301075
	0.02380952425301075
	0.02380952425301075
	0.02380952425301075
	0.02380952425301075
	0.02380952425301075
	0.02380952425301075
	0.02380952425301075
	0.02380952425301075
	0.02380952425301075
	0.02380952425301075
	0.02380952425301075
	0.02380952425301075
	0.02380952425301075
	0.02380952425301075
	0.02380952425301075
	0.02380952425301075
	0.02380952425301075
	0.02380952425301075
	0.02380952425301075
	0.02380952425301075
	0.02380952425301075
	0.02380952425301075
	0.02380952425301075
	0.02380952425301075
	0.02380952425301075
	0.02380952425301075
	0.02380952425301075
	0.02380952425301075
	0.02380952425301075
	0.02380952425301075
	0.02380952425301075
	0.02380952425301075
	0.02380952425301075
	0.02380952425301075
	0.02380952425301075
	0.02380952425301075
	0.02380952425301075
	0.02380952425301075
	0.02380952425301075
	0.02380952425301075
	0.02380952425301075
	0.02380952425301075
	0.02380952425301075

