BoneMarrowcKit_2.csv
the number of observations: 13019
the number of features: 20599
the number of targets: 19
loss
	4.112136363983154
	3.3886239528656006
	3.9032299518585205
	3.5061163902282715
	3.2953200340270996
	3.1787431240081787
	3.1160454750061035
	3.034050464630127
	2.9815146923065186
	3.0140020847320557
	3.113581895828247
	3.0499043464660645
	2.998201847076416
	2.9528257846832275
	2.919630527496338
	2.8829736709594727
	2.864553213119507
	2.8336291313171387
	2.8312857151031494
	2.8105311393737793
	2.783703565597534
	2.7882349491119385
	2.7692174911499023
	2.767282724380493
	2.7509665489196777
	2.710399627685547
	2.7147557735443115
	2.705836772918701
	2.6825857162475586
	2.680335760116577
	2.6756999492645264
	2.655461549758911
	2.6591005325317383
	2.6559765338897705
	2.6287758350372314
	2.6259260177612305
	2.622035264968872
	2.624730110168457
	2.6130783557891846
	2.5960330963134766
	2.600745916366577
	2.591966390609741
	2.588015079498291
	2.586447238922119
	2.586338996887207
	2.563901662826538
	2.56398868560791
	2.56229305267334
	2.57340669631958
	2.534494400024414
	2.5435595512390137
	2.5344009399414062
	2.567096471786499
	2.567021369934082
	2.5546958446502686
	2.545496702194214
	2.5451157093048096
	2.529679536819458
	2.547602891921997
	2.572138786315918
	2.571995735168457
	2.5520851612091064
	2.5506622791290283
	2.5400302410125732
	2.5358567237854004
	2.5371503829956055
	2.534406900405884
	2.5280368328094482
	2.526256799697876
	2.514693260192871
	2.5146567821502686
	2.513584852218628
	2.5259807109832764
	2.5203335285186768
	2.5052525997161865
	2.5034217834472656
	2.51580548286438
	2.5048184394836426
	2.49604868888855
	2.5168004035949707
	2.5276007652282715
	2.5334863662719727

accuracy
	0.15794527530670166
	0.11147383600473404
	0.028036486357450485
	0.029668746516108513
	0.04224675893783569
	0.05165626481175423
	0.06673067808151245
	0.07825251668691635
	0.08324532210826874
	0.08372539281845093
	0.040710512548685074
	0.044455111026763916
	0.047911666333675385
	0.05952952429652214
	0.06135381758213043
	0.0666346624493599
	0.07335573434829712
	0.08526164293289185
	0.08612578362226486
	0.08679788559675217
	0.09764762222766876
	0.10052808374166489
	0.10360057651996613
	0.11137782037258148
	0.11915506422519684
	0.12395583093166351
	0.13106097280979156
	0.137301966547966
	0.1441190540790558
	0.15362457931041718
	0.14987997710704803
	0.15727315843105316
	0.16207392513751984
	0.16505040228366852
	0.1700432002544403
	0.17407585680484772
	0.1854056715965271
	0.18578971922397614
	0.18694190680980682
	0.19347095489501953
	0.1944311112165451
	0.1926068216562271
	0.20019203424453735
	0.20240038633346558
	0.2021123319864273
	0.2096015363931656
	0.20835334062576294
	0.21142582595348358
	0.21334613859653473
	0.2192990928888321
	0.2206432968378067
	0.21584253013134003
	0.21056169271469116
	0.2039366364479065
	0.20950552821159363
	0.2147863656282425
	0.21651464700698853
	0.2163226157426834
	0.22121939063072205
	0.20307248830795288
	0.20624099671840668
	0.20873740315437317
	0.2091214656829834
	0.21661065518856049
	0.22342774271965027
	0.22227557003498077
	0.22169947624206543
	0.2238118052482605
	0.22755640745162964
	0.22544407844543457
	0.2278444617986679
	0.23629380762577057
	0.23322132229804993
	0.23523764312267303
	0.23571771383285522
	0.23898223042488098
	0.23590974509716034
	0.24071051180362701
	0.24483917653560638
	0.23975035548210144
	0.23725396394729614
	0.24282285571098328

val_loss
	2.836820363998413
	4.547967910766602
	3.6761116981506348
	3.4786064624786377
	3.359016180038452
	3.2750377655029297
	3.209388017654419
	3.15545392036438
	3.1183674335479736
	3.140470266342163
	3.0887868404388428
	3.0512919425964355
	3.01873779296875
	2.9893362522125244
	2.9643192291259766
	2.9385359287261963
	2.9147069454193115
	2.8921825885772705
	2.873802661895752
	2.86962890625
	2.86216139793396
	2.844834327697754
	2.827096700668335
	2.813744068145752
	2.7985358238220215
	2.7818918228149414
	2.766834259033203
	2.753035068511963
	2.7408447265625
	2.7328743934631348
	2.7233850955963135
	2.7127180099487305
	2.702235221862793
	2.692538022994995
	2.6838154792785645
	2.6741316318511963
	2.665327310562134
	2.657317876815796
	2.6502904891967773
	2.645031452178955
	2.637317657470703
	2.644869089126587
	2.637287139892578
	2.6294050216674805
	2.6214113235473633
	2.6135246753692627
	2.606858015060425
	2.5989363193511963
	2.592362642288208
	2.5855789184570312
	2.5789642333984375
	2.572782516479492
	2.584528923034668
	2.575946569442749
	2.5685160160064697
	2.566411018371582
	2.559634208679199
	2.552112102508545
	2.571120023727417
	2.5639309883117676
	2.5588274002075195
	2.5521628856658936
	2.546013116836548
	2.53901743888855
	2.535871982574463
	2.5299065113067627
	2.525998830795288
	2.5207359790802
	2.5194737911224365
	2.514465570449829
	2.507636547088623
	2.502484083175659
	2.4965384006500244
	2.4990475177764893
	2.4932076930999756
	2.500166893005371
	2.499180793762207
	2.4998297691345215
	2.49277400970459
	2.5086703300476074
	2.503221273422241
	2.495060443878174

val_accuracy
	0.00691244238987565
	0.011904762126505375
	0.011904762126505375
	0.011904762126505375
	0.011904762126505375
	0.011904762126505375
	0.011904762126505375
	0.011904762126505375
	0.011904762126505375
	0.011904762126505375
	0.011904762126505375
	0.011904762126505375
	0.011904762126505375
	0.011904762126505375
	0.011904762126505375
	0.011904762126505375
	0.011904762126505375
	0.011904762126505375
	0.011904762126505375
	0.011904762126505375
	0.011904762126505375
	0.011904762126505375
	0.011904762126505375
	0.011904762126505375
	0.011904762126505375
	0.011904762126505375
	0.011904762126505375
	0.011904762126505375
	0.011904762126505375
	0.011904762126505375
	0.011904762126505375
	0.011904762126505375
	0.011904762126505375
	0.011904762126505375
	0.011904762126505375
	0.011904762126505375
	0.011904762126505375
	0.011904762126505375
	0.011904762126505375
	0.011904762126505375
	0.011904762126505375
	0.011904762126505375
	0.011904762126505375
	0.011904762126505375
	0.011904762126505375
	0.011904762126505375
	0.011904762126505375
	0.011904762126505375
	0.011904762126505375
	0.011904762126505375
	0.011904762126505375
	0.011904762126505375
	0.011904762126505375
	0.011904762126505375
	0.011904762126505375
	0.011904762126505375
	0.011904762126505375
	0.011904762126505375
	0.011904762126505375
	0.011904762126505375
	0.011904762126505375
	0.011904762126505375
	0.011904762126505375
	0.0138248847797513
	0.019201228395104408
	0.03187403827905655
	0.059139784425497055
	0.1232718899846077
	0.23079876601696014
	0.2899385690689087
	0.3198924660682678
	0.32373273372650146
	0.32104453444480896
	0.31835636496543884
	0.31758832931518555
	0.32450076937675476
	0.31950846314430237
	0.3172042965888977
	0.3172042965888977
	0.32258063554763794
	0.32258063554763794
	0.31835636496543884

