BoneMarrowcKit_2.csv
the number of observations: 13019
the number of features: 20599
the number of targets: 19
loss
	6.159627914428711
	5.441000461578369
	5.157260894775391
	4.999856948852539
	4.882491588592529
	4.8011088371276855
	4.719799041748047
	4.659672260284424
	4.6054863929748535
	4.560253620147705
	4.51539945602417
	4.478860855102539
	4.446091651916504
	4.409879207611084
	4.380893707275391
	4.35457181930542
	4.33486795425415
	4.306994438171387
	4.281692981719971
	4.2623820304870605
	4.244625091552734
	4.219965934753418
	4.205401420593262
	4.189725399017334
	4.173402309417725
	4.154584884643555
	4.1409125328063965
	4.125823974609375
	4.113580703735352
	4.094307899475098
	4.084339141845703
	4.072812080383301
	4.065768241882324
	4.043846607208252
	4.037543296813965
	4.027198314666748
	4.0125346183776855
	4.0062785148620605
	3.995922088623047
	3.9880130290985107
	3.9722466468811035
	3.9667370319366455
	3.9582419395446777
	3.950934648513794
	3.9438140392303467
	3.9300034046173096
	3.923415422439575
	3.915107488632202
	3.91106915473938
	3.9010956287384033
	3.8949437141418457
	3.881239414215088
	3.875823736190796
	3.8677468299865723
	3.8635082244873047
	3.859596014022827
	3.849858283996582
	3.8453617095947266
	3.8367183208465576
	3.8304264545440674
	3.8245224952697754
	3.8168206214904785
	3.812361717224121
	3.805820941925049
	3.8032705783843994
	3.7932703495025635
	3.787531852722168
	3.7851386070251465
	3.7822608947753906
	3.7770230770111084
	3.770228862762451
	3.7611422538757324
	3.757117986679077
	3.752579927444458
	3.749523639678955
	3.7447690963745117
	3.7409753799438477
	3.7313272953033447
	3.731462001800537
	3.726102352142334
	3.716672897338867
	3.717406988143921

accuracy
	0.04579932615160942
	0.019299088045954704
	0.019203072413802147
	0.019203072413802147
	0.019203072413802147
	0.019203072413802147
	0.019203072413802147
	0.019203072413802147
	0.019299088045954704
	0.019203072413802147
	0.019299088045954704
	0.019203072413802147
	0.01939510367810726
	0.019203072413802147
	0.019299088045954704
	0.019203072413802147
	0.019203072413802147
	0.019299088045954704
	0.019299088045954704
	0.019299088045954704
	0.019203072413802147
	0.01939510367810726
	0.019299088045954704
	0.019203072413802147
	0.01939510367810726
	0.019203072413802147
	0.019203072413802147
	0.019203072413802147
	0.019203072413802147
	0.019203072413802147
	0.019299088045954704
	0.019203072413802147
	0.019299088045954704
	0.019299088045954704
	0.019203072413802147
	0.019203072413802147
	0.019203072413802147
	0.019299088045954704
	0.019299088045954704
	0.019203072413802147
	0.019299088045954704
	0.019203072413802147
	0.019203072413802147
	0.019299088045954704
	0.019203072413802147
	0.019299088045954704
	0.019203072413802147
	0.019299088045954704
	0.019203072413802147
	0.019299088045954704
	0.019299088045954704
	0.019203072413802147
	0.019203072413802147
	0.019203072413802147
	0.01939510367810726
	0.019203072413802147
	0.019203072413802147
	0.019299088045954704
	0.019299088045954704
	0.01939510367810726
	0.019299088045954704
	0.019203072413802147
	0.01910705678164959
	0.019299088045954704
	0.019203072413802147
	0.019203072413802147
	0.019203072413802147
	0.019299088045954704
	0.019299088045954704
	0.019203072413802147
	0.019203072413802147
	0.019299088045954704
	0.019203072413802147
	0.019203072413802147
	0.019203072413802147
	0.019203072413802147
	0.019203072413802147
	0.019203072413802147
	0.019203072413802147
	0.019203072413802147
	0.019299088045954704
	0.019203072413802147

val_loss
	5.6942949295043945
	5.245139122009277
	5.058633327484131
	4.928877830505371
	4.830226421356201
	4.750560760498047
	4.683934211730957
	4.6265740394592285
	4.576199054718018
	4.530439853668213
	4.490278720855713
	4.453970909118652
	4.420685291290283
	4.389980316162109
	4.361534118652344
	4.335031986236572
	4.310234069824219
	4.286945343017578
	4.264957427978516
	4.244164943695068
	4.2244486808776855
	4.20573616027832
	4.1878581047058105
	4.17081880569458
	4.154519557952881
	4.138899326324463
	4.123899459838867
	4.109500408172607
	4.095637321472168
	4.082276344299316
	4.069387912750244
	4.056926250457764
	4.0448713302612305
	4.033202648162842
	4.02190637588501
	4.010942459106445
	4.0002970695495605
	3.9899749755859375
	3.979926824569702
	3.970125198364258
	3.9606094360351562
	3.9513354301452637
	3.9422988891601562
	3.933478355407715
	3.9248759746551514
	3.916471004486084
	3.9082653522491455
	3.9002485275268555
	3.892394781112671
	3.8847203254699707
	3.877213716506958
	3.869863748550415
	3.862668752670288
	3.8556134700775146
	3.8486950397491455
	3.841916561126709
	3.8352606296539307
	3.828725814819336
	3.8223094940185547
	3.8160154819488525
	3.8098275661468506
	3.8037562370300293
	3.797780990600586
	3.791912794113159
	3.7861380577087402
	3.780463457107544
	3.7748780250549316
	3.7693755626678467
	3.7639620304107666
	3.7586190700531006
	3.753361225128174
	3.748189687728882
	3.7430906295776367
	3.738071918487549
	3.733118772506714
	3.7282354831695557
	3.7234253883361816
	3.718687057495117
	3.7140045166015625
	3.7093851566314697
	3.704829216003418
	3.7003300189971924

val_accuracy
	0.015360983088612556
	0.015360983088612556
	0.015360983088612556
	0.015360983088612556
	0.015360983088612556
	0.015360983088612556
	0.015360983088612556
	0.015360983088612556
	0.015360983088612556
	0.015360983088612556
	0.015360983088612556
	0.015360983088612556
	0.015360983088612556
	0.015360983088612556
	0.015360983088612556
	0.015360983088612556
	0.015360983088612556
	0.015360983088612556
	0.015360983088612556
	0.015360983088612556
	0.015360983088612556
	0.015360983088612556
	0.015360983088612556
	0.015360983088612556
	0.015360983088612556
	0.015360983088612556
	0.015360983088612556
	0.015360983088612556
	0.015360983088612556
	0.015360983088612556
	0.015360983088612556
	0.015360983088612556
	0.015360983088612556
	0.015360983088612556
	0.015360983088612556
	0.015360983088612556
	0.015360983088612556
	0.015360983088612556
	0.015360983088612556
	0.015360983088612556
	0.015360983088612556
	0.015360983088612556
	0.015360983088612556
	0.015360983088612556
	0.015360983088612556
	0.015360983088612556
	0.015360983088612556
	0.015360983088612556
	0.015360983088612556
	0.015360983088612556
	0.015360983088612556
	0.015360983088612556
	0.015360983088612556
	0.015360983088612556
	0.015360983088612556
	0.015360983088612556
	0.015360983088612556
	0.015360983088612556
	0.015360983088612556
	0.015360983088612556
	0.015360983088612556
	0.015360983088612556
	0.015360983088612556
	0.015360983088612556
	0.015360983088612556
	0.015360983088612556
	0.015360983088612556
	0.015360983088612556
	0.015360983088612556
	0.015360983088612556
	0.015360983088612556
	0.015360983088612556
	0.015360983088612556
	0.015360983088612556
	0.015360983088612556
	0.015360983088612556
	0.015360983088612556
	0.015360983088612556
	0.015360983088612556
	0.015360983088612556
	0.015360983088612556
	0.015360983088612556

