NeonatalRib_2.csv
the number of observations: 3082
the number of features: 20918
the number of targets: 25
loss
	4.934429168701172
	3.5156116485595703
	3.1476166248321533
	2.9962222576141357
	2.9056878089904785
	3.0025832653045654
	2.920579433441162
	2.875936985015869
	2.8050827980041504
	2.7874515056610107
	2.7494778633117676
	2.7412915229797363
	2.682858943939209
	2.695995569229126
	2.6655614376068115
	2.6242265701293945
	2.58207106590271
	2.594839096069336
	2.5415396690368652
	2.525798797607422

accuracy
	0.07342799007892609
	0.045436106622219086
	0.09898579865694046
	0.3200811445713043
	0.4137931168079376
	0.31196755170822144
	0.2989858090877533
	0.363894522190094
	0.40770789980888367
	0.430831640958786
	0.4389452338218689
	0.44381338357925415
	0.4462474584579468
	0.4498985707759857
	0.4498985707759857
	0.4494929015636444
	0.4503042697906494
	0.45111560821533203
	0.4507099390029907
	0.4507099390029907

val_loss
	3.6169044971466064
	3.154930830001831
	2.9964256286621094
	2.744070053100586
	2.8002045154571533
	2.861358880996704
	2.7522614002227783
	2.7004833221435547
	2.669356107711792
	2.633927822113037
	2.6222758293151855
	2.6162543296813965
	2.571777105331421
	2.522961378097534
	2.714381694793701
	2.435009479522705
	2.399855613708496
	2.382840871810913
	2.4335577487945557
	2.4252424240112305

val_accuracy
	0.029173418879508972
	0.02593192830681801
	0.45218801498413086
	0.45218801498413086
	0.45218801498413086
	0.45218801498413086
	0.45218801498413086
	0.45218801498413086
	0.45218801498413086
	0.45218801498413086
	0.45218801498413086
	0.45218801498413086
	0.45218801498413086
	0.45218801498413086
	0.45218801498413086
	0.45218801498413086
	0.45218801498413086
	0.45218801498413086
	0.45218801498413086
	0.45218801498413086

