BoneMarrowcKit_2.csv
the number of observations: 13019
the number of features: 20599
the number of targets: 19
loss
	6.002659797668457
	4.281269073486328
	3.720034122467041
	3.433872699737549
	3.2709295749664307
	3.135563611984253
	3.068030834197998
	3.0220401287078857
	3.0380008220672607
	3.010065793991089
	3.037564992904663
	3.112304449081421
	3.0650556087493896
	3.040179967880249
	3.0374743938446045
	3.062699794769287
	3.001540422439575
	2.943909168243408
	2.918923854827881
	2.9050257205963135
	2.9162111282348633
	2.8610377311706543
	2.8363938331604004
	2.8453187942504883
	2.8138482570648193
	2.8202104568481445
	2.809109687805176
	2.788666009902954
	2.8104987144470215
	2.7746152877807617
	2.731391191482544
	2.7450942993164062
	2.7322006225585938
	2.7268478870391846
	2.714808940887451
	2.7058706283569336
	2.6927876472473145
	2.7066843509674072
	2.712419271469116
	2.6788220405578613
	2.6907799243927
	2.671154022216797
	2.654184579849243
	2.6544718742370605
	2.6752681732177734
	2.6435749530792236
	2.649620771408081
	2.6448428630828857
	2.641906261444092
	2.6310861110687256
	2.621135711669922
	2.6161141395568848
	2.6141726970672607
	2.6109261512756348
	2.641509771347046
	2.626906156539917
	2.649782180786133
	2.6384475231170654
	2.624778985977173
	2.613739013671875
	2.619962453842163
	2.6182475090026855
	2.603203535079956
	2.6001133918762207
	2.599949598312378
	2.596021890640259
	2.590172529220581
	2.5782368183135986
	2.578862428665161
	2.5936291217803955
	2.5881948471069336
	2.5874836444854736
	2.569847822189331
	2.5692708492279053
	2.5739316940307617
	2.559715747833252
	2.551419496536255
	2.5528886318206787
	2.5520246028900146
	2.546898365020752
	2.5498392581939697
	2.5564916133880615

accuracy
	0.17714834213256836
	0.1720595359802246
	0.1569851189851761
	0.13355736434459686
	0.15026403963565826
	0.15352857112884521
	0.16629861295223236
	0.1738838255405426
	0.15180028975009918
	0.15458473563194275
	0.15036006271839142
	0.14171867072582245
	0.12818050384521484
	0.12251560389995575
	0.10235237330198288
	0.09265482425689697
	0.09639942646026611
	0.10158425569534302
	0.11051367968320847
	0.10945751518011093
	0.11982717365026474
	0.12289966642856598
	0.13490158319473267
	0.1404704749584198
	0.1436389833688736
	0.14037446677684784
	0.15324051678180695
	0.14805568754673004
	0.1558329313993454
	0.15660105645656586
	0.16476236283779144
	0.17177148163318634
	0.17666827142238617
	0.178396537899971
	0.18002881109714508
	0.18492558598518372
	0.1867498755455017
	0.19481517374515533
	0.1930868923664093
	0.20067210495471954
	0.19519923627376556
	0.20883341133594513
	0.2084493488073349
	0.20556889474391937
	0.21008160710334778
	0.2156504988670349
	0.21757081151008606
	0.21920306980609894
	0.2213154137134552
	0.2219875156879425
	0.22928468883037567
	0.2269803136587143
	0.22774843871593475
	0.2265002429485321
	0.2048007696866989
	0.20691309869289398
	0.20604896545410156
	0.2109457552433014
	0.21305808424949646
	0.21901103854179382
	0.21305808424949646
	0.22083532810211182
	0.22275564074516296
	0.2269803136587143
	0.2285165637731552
	0.22976475954055786
	0.22669227421283722
	0.23005281388759613
	0.231685072183609
	0.23245319724082947
	0.23446951806545258
	0.23245319724082947
	0.24071051180362701
	0.2418626993894577
	0.23859818279743195
	0.24493518471717834
	0.24627940356731415
	0.25031206011772156
	0.2493518888950348
	0.24925588071346283
	0.24877581000328064
	0.2531925141811371

val_loss
	3.5123417377471924
	2.875453233718872
	2.844285249710083
	2.714163303375244
	2.705094814300537
	2.5439083576202393
	2.5488946437835693
	2.4996087551116943
	2.625096321105957
	2.595123052597046
	3.2823777198791504
	3.27138090133667
	3.2072255611419678
	3.1286814212799072
	3.1056718826293945
	3.093470335006714
	3.0705044269561768
	3.0538442134857178
	3.0336320400238037
	3.0167226791381836
	3.000221014022827
	2.9852254390716553
	2.974881172180176
	2.961427927017212
	2.951151132583618
	2.93906569480896
	2.9264602661132812
	2.917036533355713
	2.906646966934204
	2.898481607437134
	2.865103006362915
	2.8620517253875732
	2.8694546222686768
	2.857337236404419
	2.867159843444824
	2.858790636062622
	2.850285768508911
	2.8136401176452637
	2.8072776794433594
	2.8023717403411865
	2.7988343238830566
	2.8167765140533447
	2.8084936141967773
	2.7730629444122314
	2.7693796157836914
	2.7644033432006836
	2.763850450515747
	2.7582602500915527
	2.7531018257141113
	2.7488391399383545
	2.750880479812622
	2.744765281677246
	2.740175485610962
	2.7361631393432617
	2.750410556793213
	2.744422197341919
	2.738943338394165
	2.7345213890075684
	2.7301251888275146
	2.7254738807678223
	2.7211408615112305
	2.716996908187866
	2.7124173641204834
	2.7076659202575684
	2.706697940826416
	2.7026872634887695
	2.6982362270355225
	2.6940367221832275
	2.690664529800415
	2.6877918243408203
	2.6847105026245117
	2.6824212074279785
	2.6790363788604736
	2.675297737121582
	2.6750779151916504
	2.6747472286224365
	2.671077013015747
	2.6689813137054443
	2.6648101806640625
	2.6638410091400146
	2.6684467792510986
	2.6650917530059814

val_accuracy
	0.3172042965888977
	0.06912442296743393
	0.06912442296743393
	0.029569892212748528
	0.0138248847797513
	0.036866359412670135
	0.13133640587329865
	0.3172042965888977
	0.028417818248271942
	0.028417818248271942
	0.011904762126505375
	0.011904762126505375
	0.011904762126505375
	0.011904762126505375
	0.011904762126505375
	0.011904762126505375
	0.011904762126505375
	0.011904762126505375
	0.011904762126505375
	0.011904762126505375
	0.011904762126505375
	0.011904762126505375
	0.011904762126505375
	0.011904762126505375
	0.011904762126505375
	0.011904762126505375
	0.011904762126505375
	0.011904762126505375
	0.011904762126505375
	0.011904762126505375
	0.011904762126505375
	0.011904762126505375
	0.011904762126505375
	0.011904762126505375
	0.011904762126505375
	0.011904762126505375
	0.011904762126505375
	0.011904762126505375
	0.011904762126505375
	0.011904762126505375
	0.011904762126505375
	0.011904762126505375
	0.011904762126505375
	0.011904762126505375
	0.011904762126505375
	0.011904762126505375
	0.011904762126505375
	0.011904762126505375
	0.011904762126505375
	0.011904762126505375
	0.011904762126505375
	0.011904762126505375
	0.011904762126505375
	0.011904762126505375
	0.011904762126505375
	0.011904762126505375
	0.011904762126505375
	0.011904762126505375
	0.011904762126505375
	0.011904762126505375
	0.011904762126505375
	0.011904762126505375
	0.011904762126505375
	0.011904762126505375
	0.011904762126505375
	0.011904762126505375
	0.011904762126505375
	0.011904762126505375
	0.011904762126505375
	0.011904762126505375
	0.011904762126505375
	0.011904762126505375
	0.011904762126505375
	0.011904762126505375
	0.011904762126505375
	0.011904762126505375
	0.011904762126505375
	0.011904762126505375
	0.011904762126505375
	0.011904762126505375
	0.011904762126505375
	0.011904762126505375

